5.0	1.136019e-1	1.092815e-1	1.191423e-1
5.1	1.127028e-1	1.083632e-1	1.182605e-1
5.2	1.118177e-1	1.074592e-1	1.17393e-1
5.3	1.109465e-1	1.065689e-1	1.165393e-1
5.4	1.100887e-1	1.056921e-1	1.156992e-1
5.5	1.092441e-1	1.048286e-1	1.148722e-1
5.6	1.084124e-1	1.039779e-1	1.14058e-1
5.7	1.075931e-1	1.031399e-1	1.132563e-1
5.8	1.067861e-1	1.023142e-1	1.124668e-1
5.9	1.059911e-1	1.015006e-1	1.116891e-1
6.0	1.052077e-1	1.006987e-1	1.10923e-1
6.1	1.044358e-1	9.99085e-2	1.101682e-1
6.2	1.03675e-1	9.912956e-2	1.094244e-1
6.3	1.029251e-1	9.836171e-2	1.086914e-1
6.4	1.021859e-1	9.76047e-2	1.079689e-1
6.5	1.014571e-1	9.68583e-2	1.072566e-1
6.6	1.007385e-1	9.612231e-2	1.065543e-1
6.7	1.000298e-1	9.53965e-2	1.058617e-1
6.8	9.933098e-2	9.468067e-2	1.051787e-1
6.9	9.864166e-2	9.397462e-2	1.045051e-1
7.0	9.79617e-2	9.327815e-2	1.038405e-1
7.1	9.729088e-2	9.259106e-2	1.031848e-1
7.2	9.662903e-2	9.191318e-2	1.025379e-1
7.3	9.597594e-2	9.124431e-2	1.018995e-1
7.4	9.533144e-2	9.05843e-2	1.012693e-1
7.5	9.469536e-2	8.993295e-2	1.006474e-1
7.6	9.406752e-2	8.929011e-2	1.000333e-1
7.7	9.344775e-2	8.86556e-2	9.942712e-2
7.8	9.28359e-2	8.802928e-2	9.882852e-2
7.9	9.22318e-2	8.741099e-2	9.823739e-2
8.0	9.16353e-2	8.680057e-2	9.765356e-2
8.1	9.104626e-2	8.619789e-2	9.707689e-2
8.2	9.046452e-2	8.560278e-2	9.650723e-2
8.3	8.988994e-2	8.501512e-2	9.594442e-2
8.4	8.932239e-2	8.443477e-2	9.538834e-2
8.5	8.876173e-2	8.386159e-2	9.483885e-2
8.6	8.820783e-2	8.329546e-2	9.429581e-2
8.7	8.766057e-2	8.273625e-2	9.375909e-2
8.8	8.711981e-2	8.218383e-2	9.322857e-2
8.9	8.658544e-2	8.163808e-2	9.270413e-2
9.0	8.605733e-2	8.109888e-2	9.218566e-2
9.1	8.553538e-2	8.056613e-2	9.167302e-2
9.2	8.501948e-2	8.00397e-2	9.116611e-2
9.3	8.45095e-2	7.951949e-2	9.066483e-2
9.4	8.400534e-2	7.900538e-2	9.016906e-2
9.5	8.350691e-2	7.849729e-2	8.967871e-2
9.6	8.30141e-2	7.799509e-2	8.919366e-2
9.7	8.25268e-2	7.749869e-2	8.871383e-2
9.8	8.204492e-2	7.7008e-2	8.823911e-2
9.9	8.156837e-2	7.652291e-2	8.776942e-2
10.0	8.109706e-2	7.604334e-2	8.730465e-2
10.1	8.063089e-2	7.556919e-2	8.684473e-2
10.2	8.016977e-2	7.510037e-2	8.638956e-2
10.3	7.971362e-2	7.46368e-2	8.593907e-2
10.4	7.926236e-2	7.417838e-2	8.549316e-2
10.5	7.88159e-2	7.372505e-2	8.505176e-2
10.6	7.837417e-2	7.32767e-2	8.461479e-2
10.7	7.793708e-2	7.283327e-2	8.418218e-2
10.8	7.750455e-2	7.239468e-2	8.375384e-2
10.9	7.707652e-2	7.196084e-2	8.33297e-2
11.0	7.665291e-2	7.153168e-2	8.29097e-2
11.1	7.623364e-2	7.110714e-2	8.249376e-2
11.2	7.581866e-2	7.068713e-2	8.208182e-2
11.3	7.540788e-2	7.027159e-2	8.167381e-2
11.4	7.500124e-2	6.986044e-2	8.126966e-2
11.5	7.459867e-2	6.945363e-2	8.086931e-2
11.6	7.420012e-2	6.905108e-2	8.047271e-2
11.7	7.380552e-2	6.865272e-2	8.007978e-2
11.8	7.34148e-2	6.82585e-2	7.969047e-2
11.9	7.302791e-2	6.786836e-2	7.930472e-2
12.0	7.264479e-2	6.748222e-2	7.892248e-2
12.1	7.226538e-2	6.710004e-2	7.854369e-2
12.2	7.188962e-2	6.672175e-2	7.816829e-2
12.3	7.151746e-2	6.63473e-2	7.779624e-2
12.4	7.114884e-2	6.597662e-2	7.742748e-2
12.5	7.078372e-2	6.560967e-2	7.706196e-2
12.6	7.042203e-2	6.524639e-2	7.669963e-2
12.7	7.006373e-2	6.488672e-2	7.634044e-2
12.8	6.970877e-2	6.453062e-2	7.598435e-2
12.9	6.93571e-2	6.417803e-2	7.563131e-2
13.0	6.900867e-2	6.382891e-2	7.528127e-2
13.1	6.866343e-2	6.348319e-2	7.493419e-2
13.2	6.832134e-2	6.314085e-2	7.459003e-2
13.3	6.798236e-2	6.280182e-2	7.424874e-2
13.4	6.764643e-2	6.246606e-2	7.391028e-2
13.5	6.731352e-2	6.213353e-2	7.357461e-2
13.6	6.698359e-2	6.180418e-2	7.324169e-2
13.7	6.665658e-2	6.147796e-2	7.291149e-2
13.8	6.633246e-2	6.115485e-2	7.258396e-2
13.9	6.60112e-2	6.083478e-2	7.225906e-2
14.0	6.569274e-2	6.051772e-2	7.193676e-2
14.1	6.537706e-2	6.020363e-2	7.161702e-2
14.2	6.506411e-2	5.989248e-2	7.129981e-2
14.3	6.475386e-2	5.958421e-2	7.098509e-2
14.4	6.444627e-2	5.927879e-2	7.067283e-2
14.5	6.414131e-2	5.897619e-2	7.0363e-2
14.6	6.383893e-2	5.867636e-2	7.005556e-2
14.7	6.353911e-2	5.837927e-2	6.975047e-2
14.8	6.324182e-2	5.808489e-2	6.944772e-2
14.9	6.294701e-2	5.779317e-2	6.914726e-2
15.0	6.265465e-2	5.750409e-2	6.884908e-2
15.1	6.236472e-2	5.72176e-2	6.855312e-2
15.2	6.207719e-2	5.693368e-2	6.825938e-2
15.3	6.179201e-2	5.66523e-2	6.796782e-2
15.4	6.150917e-2	5.637341e-2	6.767841e-2
15.5	6.122862e-2	5.6097e-2	6.739113e-2
15.6	6.095035e-2	5.582302e-2	6.710594e-2
15.7	6.067432e-2	5.555144e-2	6.682282e-2
15.8	6.040051e-2	5.528225e-2	6.654175e-2
15.9	6.012888e-2	5.501539e-2	6.62627e-2
16.0	5.985941e-2	5.475086e-2	6.598564e-2
16.1	5.959208e-2	5.448861e-2	6.571056e-2
16.2	5.932686e-2	5.422863e-2	6.543742e-2
16.3	5.906371e-2	5.397087e-2	6.51662e-2
16.4	5.880262e-2	5.371532e-2	6.489688e-2
16.5	5.854356e-2	5.346195e-2	6.462943e-2
16.6	5.828651e-2	5.321073e-2	6.436384e-2
16.7	5.803143e-2	5.296164e-2	6.410008e-2
16.8	5.777832e-2	5.271464e-2	6.383813e-2
16.9	5.752714e-2	5.246972e-2	6.357797e-2
17.0	5.727787e-2	5.222684e-2	6.331958e-2
17.1	5.703049e-2	5.1986e-2	6.306293e-2
17.2	5.678498e-2	5.174715e-2	6.280801e-2
17.3	5.654132e-2	5.151028e-2	6.25548e-2
17.4	5.629947e-2	5.127536e-2	6.230327e-2
17.5	5.605943e-2	5.104238e-2	6.205341e-2
17.6	5.582117e-2	5.08113e-2	6.18052e-2
17.7	5.558467e-2	5.058211e-2	6.155862e-2
17.8	5.534991e-2	5.035478e-2	6.131366e-2
17.9	5.511687e-2	5.01293e-2	6.107028e-2
18.0	5.488554e-2	4.990564e-2	6.082849e-2
18.1	5.465588e-2	4.968378e-2	6.058825e-2
18.2	5.442789e-2	4.946369e-2	6.034956e-2
18.3	5.420155e-2	4.924537e-2	6.011239e-2
18.4	5.397683e-2	4.902879e-2	5.987673e-2
18.5	5.375372e-2	4.881393e-2	5.964257e-2
18.6	5.35322e-2	4.860076e-2	5.940988e-2
18.7	5.331225e-2	4.838928e-2	5.917865e-2
18.8	5.309386e-2	4.817946e-2	5.894887e-2
18.9	5.287701e-2	4.797129e-2	5.872052e-2
19.0	5.266168e-2	4.776474e-2	5.849358e-2
19.1	5.244785e-2	4.75598e-2	5.826805e-2
19.2	5.223552e-2	4.735645e-2	5.80439e-2
19.3	5.202466e-2	4.715467e-2	5.782112e-2
19.4	5.181525e-2	4.695445e-2	5.75997e-2
19.5	5.16073e-2	4.675577e-2	5.737963e-2
19.6	5.140076e-2	4.655861e-2	5.716088e-2
19.7	5.119564e-2	4.636295e-2	5.694346e-2
19.8	5.099192e-2	4.616879e-2	5.672734e-2
19.9	5.078958e-2	4.597609e-2	5.651251e-2
20.0	5.058861e-2	4.578486e-2	5.629895e-2
20.1	5.0389e-2	4.559506e-2	5.608667e-2
20.2	5.019072e-2	4.54067e-2	5.587563e-2
20.3	4.999378e-2	4.521974e-2	5.566584e-2
20.4	4.979814e-2	4.503418e-2	5.545728e-2
20.5	4.960381e-2	4.485e-2	5.524993e-2
20.6	4.941076e-2	4.466719e-2	5.504379e-2
20.7	4.921899e-2	4.448573e-2	5.483884e-2
20.8	4.902848e-2	4.430561e-2	5.463508e-2
20.9	4.883921e-2	4.412682e-2	5.443249e-2
21.0	4.865119e-2	4.394934e-2	5.423106e-2
21.1	4.846438e-2	4.377315e-2	5.403078e-2
21.2	4.827879e-2	4.359825e-2	5.383163e-2
21.3	4.80944e-2	4.342462e-2	5.363362e-2
21.4	4.79112e-2	4.325225e-2	5.343673e-2
21.5	4.772917e-2	4.308112e-2	5.324094e-2
21.6	4.754831e-2	4.291123e-2	5.304625e-2
21.7	4.736861e-2	4.274255e-2	5.285265e-2
21.8	4.719004e-2	4.257508e-2	5.266013e-2
21.9	4.701261e-2	4.240881e-2	5.246867e-2
22.0	4.68363e-2	4.224373e-2	5.227828e-2
22.1	4.66611e-2	4.207981e-2	5.208893e-2
22.2	4.648701e-2	4.191706e-2	5.190063e-2
22.3	4.6314e-2	4.175545e-2	5.171335e-2
22.4	4.614207e-2	4.159498e-2	5.15271e-2
22.5	4.597121e-2	4.143564e-2	5.134186e-2
22.6	4.58014e-2	4.127741e-2	5.115763e-2
22.7	4.563265e-2	4.112029e-2	5.097439e-2
22.8	4.546494e-2	4.096425e-2	5.079215e-2
22.9	4.529826e-2	4.080931e-2	5.061088e-2
23.0	4.51326e-2	4.065543e-2	5.043058e-2
23.1	4.496795e-2	4.050261e-2	5.025124e-2
23.2	4.480431e-2	4.035085e-2	5.007286e-2
23.3	4.464165e-2	4.020013e-2	4.989543e-2
23.4	4.447999e-2	4.005044e-2	4.971893e-2
23.5	4.431929e-2	3.990177e-2	4.954337e-2
23.6	4.415957e-2	3.975411e-2	4.936873e-2
23.7	4.40008e-2	3.960745e-2	4.919501e-2
23.8	4.384298e-2	3.946179e-2	4.902219e-2
23.9	4.36861e-2	3.93171e-2	4.885028e-2
24.0	4.353016e-2	3.91734e-2	4.867926e-2
24.1	4.337514e-2	3.903065e-2	4.850912e-2
24.2	4.322103e-2	3.888886e-2	4.833987e-2
24.3	4.306784e-2	3.874802e-2	4.817149e-2
24.4	4.291555e-2	3.860812e-2	4.800398e-2
24.5	4.276415e-2	3.846914e-2	4.783732e-2
24.6	4.261363e-2	3.833109e-2	4.767152e-2
24.7	4.246399e-2	3.819394e-2	4.750657e-2
24.8	4.231522e-2	3.80577e-2	4.734245e-2
24.9	4.216732e-2	3.792236e-2	4.717917e-2
25.0	4.202027e-2	3.77879e-2	4.701671e-2
25.1	4.187407e-2	3.765432e-2	4.685507e-2
25.2	4.172871e-2	3.752161e-2	4.669425e-2
25.3	4.158418e-2	3.738977e-2	4.653424e-2
25.4	4.144048e-2	3.725877e-2	4.637502e-2
25.5	4.12976e-2	3.712863e-2	4.621661e-2
25.6	4.115553e-2	3.699932e-2	4.605898e-2
25.7	4.101427e-2	3.687085e-2	4.590214e-2
25.8	4.087381e-2	3.67432e-2	4.574607e-2
25.9	4.073414e-2	3.661637e-2	4.559078e-2
26.0	4.059526e-2	3.649034e-2	4.543626e-2
26.1	4.045716e-2	3.636512e-2	4.52825e-2
26.2	4.031984e-2	3.62407e-2	4.512949e-2
26.3	4.018328e-2	3.611706e-2	4.497723e-2
26.4	4.004748e-2	3.59942e-2	4.482572e-2
26.5	3.991244e-2	3.587212e-2	4.467495e-2
26.6	3.977814e-2	3.57508e-2	4.452492e-2
26.7	3.964459e-2	3.563025e-2	4.437561e-2
26.8	3.951178e-2	3.551045e-2	4.422703e-2
26.9	3.93797e-2	3.539139e-2	4.407917e-2
27.0	3.924835e-2	3.527308e-2	4.393202e-2
27.1	3.911771e-2	3.51555e-2	4.378558e-2
27.2	3.898779e-2	3.503865e-2	4.363984e-2
27.3	3.885858e-2	3.492252e-2	4.349481e-2
27.4	3.873007e-2	3.480711e-2	4.335047e-2
27.5	3.860225e-2	3.469241e-2	4.320682e-2
27.6	3.847513e-2	3.457841e-2	4.306385e-2
27.7	3.83487e-2	3.44651e-2	4.292157e-2
27.8	3.822295e-2	3.435249e-2	4.277996e-2
27.9	3.809787e-2	3.424056e-2	4.263903e-2
28.0	3.797347e-2	3.412931e-2	4.249876e-2
28.1	3.784973e-2	3.401873e-2	4.235915e-2
28.2	3.772665e-2	3.390883e-2	4.222021e-2
28.3	3.760423e-2	3.379958e-2	4.208191e-2
28.4	3.748246e-2	3.369099e-2	4.194427e-2
28.5	3.736134e-2	3.358305e-2	4.180727e-2
28.6	3.724085e-2	3.347576e-2	4.167092e-2
28.7	3.7121e-2	3.336911e-2	4.15352e-2
28.8	3.700179e-2	3.326309e-2	4.140011e-2
28.9	3.68832e-2	3.31577e-2	4.126565e-2
29.0	3.676523e-2	3.305293e-2	4.113182e-2
29.1	3.664788e-2	3.294879e-2	4.099861e-2
29.2	3.653115e-2	3.284526e-2	4.086602e-2
29.3	3.641502e-2	3.274233e-2	4.073404e-2
29.4	3.62995e-2	3.264001e-2	4.060267e-2
29.5	3.618457e-2	3.253829e-2	4.047191e-2
29.6	3.607024e-2	3.243716e-2	4.034174e-2
29.7	3.595651e-2	3.233662e-2	4.021218e-2
29.8	3.584336e-2	3.223666e-2	4.008321e-2
29.9	3.573079e-2	3.213729e-2	3.995483e-2
30.0	3.56188e-2	3.203849e-2	3.982704e-2
30.1	3.550738e-2	3.194025e-2	3.969983e-2
30.2	3.539653e-2	3.184258e-2	3.957321e-2
30.3	3.528625e-2	3.174548e-2	3.944716e-2
30.4	3.517653e-2	3.164893e-2	3.932168e-2
30.5	3.506737e-2	3.155292e-2	3.919677e-2
30.6	3.495877e-2	3.145747e-2	3.907243e-2
30.7	3.485071e-2	3.136256e-2	3.894865e-2
30.8	3.47432e-2	3.126819e-2	3.882543e-2
30.9	3.463623e-2	3.117435e-2	3.870277e-2
31.0	3.45298e-2	3.108104e-2	3.858066e-2
31.1	3.44239e-2	3.098825e-2	3.84591e-2
31.2	3.431854e-2	3.089599e-2	3.833808e-2
31.3	3.42137e-2	3.080424e-2	3.821761e-2
31.4	3.410938e-2	3.071301e-2	3.809768e-2
31.5	3.400559e-2	3.062228e-2	3.797829e-2
31.6	3.390231e-2	3.053206e-2	3.785943e-2
31.7	3.379955e-2	3.044234e-2	3.77411e-2
31.8	3.369729e-2	3.035311e-2	3.76233e-2
31.9	3.359554e-2	3.026438e-2	3.750603e-2
32.0	3.349429e-2	3.017614e-2	3.738928e-2
32.1	3.339355e-2	3.008838e-2	3.727304e-2
32.2	3.329329e-2	3.00011e-2	3.715733e-2
32.3	3.319353e-2	2.99143e-2	3.704212e-2
32.4	3.309426e-2	2.982797e-2	3.692743e-2
32.5	3.299547e-2	2.974212e-2	3.681324e-2
32.6	3.289717e-2	2.965672e-2	3.669956e-2
32.7	3.279934e-2	2.95718e-2	3.658638e-2
32.8	3.2702e-2	2.948733e-2	3.647369e-2
32.9	3.260512e-2	2.940331e-2	3.636151e-2
33.0	3.250871e-2	2.931975e-2	3.624982e-2
33.1	3.241277e-2	2.923663e-2	3.613862e-2
33.2	3.23173e-2	2.915396e-2	3.602791e-2
33.3	3.222228e-2	2.907174e-2	3.591768e-2
33.4	3.212772e-2	2.898995e-2	3.580794e-2
33.5	3.203361e-2	2.890859e-2	3.569867e-2
33.6	3.193996e-2	2.882766e-2	3.558989e-2
33.7	3.184675e-2	2.874717e-2	3.548158e-2
33.8	3.175399e-2	2.866709e-2	3.537374e-2
33.9	3.166168e-2	2.858744e-2	3.526637e-2
34.0	3.15698e-2	2.850821e-2	3.515947e-2
34.1	3.147836e-2	2.842939e-2	3.505304e-2
34.2	3.138735e-2	2.835098e-2	3.494706e-2
34.3	3.129677e-2	2.827299e-2	3.484155e-2
34.4	3.120662e-2	2.819539e-2	3.47365e-2
34.5	3.11169e-2	2.81182e-2	3.46319e-2
34.6	3.10276e-2	2.804141e-2	3.452775e-2
34.7	3.093872e-2	2.796501e-2	3.442406e-2
34.8	3.085026e-2	2.788901e-2	3.432081e-2
34.9	3.076221e-2	2.78134e-2	3.421801e-2
35.0	3.067458e-2	2.773818e-2	3.411566e-2
35.1	3.058735e-2	2.766334e-2	3.401374e-2
35.2	3.050053e-2	2.758888e-2	3.391227e-2
35.3	3.041412e-2	2.75148e-2	3.381123e-2
35.4	3.032811e-2	2.744109e-2	3.371062e-2
35.5	3.02425e-2	2.736776e-2	3.361045e-2
35.6	3.015728e-2	2.72948e-2	3.351071e-2
35.7	3.007246e-2	2.72222e-2	3.34114e-2
35.8	2.998803e-2	2.714997e-2	3.331251e-2
35.9	2.990399e-2	2.707811e-2	3.321405e-2
36.0	2.982033e-2	2.70066e-2	3.311601e-2
36.1	2.973706e-2	2.693545e-2	3.301839e-2
36.2	2.965418e-2	2.686465e-2	3.292118e-2
36.3	2.957167e-2	2.67942e-2	3.28244e-2
36.4	2.948954e-2	2.67241e-2	3.272802e-2
36.5	2.940779e-2	2.665435e-2	3.263206e-2
36.6	2.93264e-2	2.658494e-2	3.25365e-2
36.7	2.924539e-2	2.651587e-2	3.244136e-2
36.8	2.916475e-2	2.644714e-2	3.234662e-2
36.9	2.908447e-2	2.637874e-2	3.225228e-2
37.0	2.900456e-2	2.631068e-2	3.215834e-2
37.1	2.892501e-2	2.624295e-2	3.20648e-2
37.2	2.884581e-2	2.617554e-2	3.197166e-2
37.3	2.876698e-2	2.610847e-2	3.187892e-2
37.4	2.86885e-2	2.604171e-2	3.178657e-2
37.5	2.861037e-2	2.597528e-2	3.169461e-2
37.6	2.853259e-2	2.590917e-2	3.160304e-2
37.7	2.845516e-2	2.584337e-2	3.151186e-2
37.8	2.837808e-2	2.577789e-2	3.142106e-2
37.9	2.830134e-2	2.571272e-2	3.133065e-2
38.0	2.822495e-2	2.564785e-2	3.124062e-2
38.1	2.814889e-2	2.55833e-2	3.115097e-2
38.2	2.807318e-2	2.551905e-2	3.10617e-2
38.3	2.799779e-2	2.54551e-2	3.097281e-2
38.4	2.792275e-2	2.539146e-2	3.088429e-2
38.5	2.784803e-2	2.532811e-2	3.079614e-2
38.6	2.777365e-2	2.526506e-2	3.070837e-2
38.7	2.769959e-2	2.52023e-2	3.062097e-2
38.8	2.762586e-2	2.513983e-2	3.053393e-2
38.9	2.755245e-2	2.507765e-2	3.044726e-2
39.0	2.747937e-2	2.501577e-2	3.036096e-2
39.1	2.740661e-2	2.495416e-2	3.027502e-2
39.2	2.733416e-2	2.489284e-2	3.018944e-2
39.3	2.726203e-2	2.48318e-2	3.010421e-2
39.4	2.719022e-2	2.477104e-2	3.001935e-2
39.5	2.711872e-2	2.471056e-2	2.993484e-2
39.6	2.704753e-2	2.465035e-2	2.985069e-2
39.7	2.697665e-2	2.459042e-2	2.976689e-2
39.8	2.690608e-2	2.453076e-2	2.968344e-2
39.9	2.683581e-2	2.447136e-2	2.960034e-2
40.0	2.676585e-2	2.441224e-2	2.951759e-2
40.1	2.669619e-2	2.435338e-2	2.943518e-2
40.2	2.662683e-2	2.429478e-2	2.935312e-2
40.3	2.655777e-2	2.423644e-2	2.927141e-2
40.4	2.6489e-2	2.417837e-2	2.919003e-2
40.5	2.642053e-2	2.412055e-2	2.9109e-2
40.6	2.635235e-2	2.406299e-2	2.90283e-2
40.7	2.628447e-2	2.400568e-2	2.894794e-2
40.8	2.621687e-2	2.394862e-2	2.886791e-2
40.9	2.614957e-2	2.389182e-2	2.878822e-2
41.0	2.608255e-2	2.383526e-2	2.870886e-2
41.1	2.601581e-2	2.377895e-2	2.862983e-2
41.2	2.594936e-2	2.372289e-2	2.855113e-2
41.3	2.588319e-2	2.366707e-2	2.847276e-2
41.4	2.58173e-2	2.361149e-2	2.839472e-2
41.5	2.575169e-2	2.355615e-2	2.8317e-2
41.6	2.568635e-2	2.350104e-2	2.82396e-2
41.7	2.562129e-2	2.344618e-2	2.816252e-2
41.8	2.555651e-2	2.339155e-2	2.808577e-2
41.9	2.549199e-2	2.333715e-2	2.800933e-2
42.0	2.542775e-2	2.328298e-2	2.793321e-2
42.1	2.536377e-2	2.322904e-2	2.785741e-2
42.2	2.530007e-2	2.317534e-2	2.778192e-2
42.3	2.523663e-2	2.312185e-2	2.770675e-2
42.4	2.517345e-2	2.306859e-2	2.763188e-2
42.5	2.511054e-2	2.301556e-2	2.755733e-2
42.6	2.504788e-2	2.296275e-2	2.748309e-2
42.7	2.498549e-2	2.291015e-2	2.740915e-2
42.8	2.492336e-2	2.285778e-2	2.733552e-2
42.9	2.486148e-2	2.280562e-2	2.72622e-2
43.0	2.479986e-2	2.275368e-2	2.718917e-2
43.1	2.473849e-2	2.270195e-2	2.711645e-2
43.2	2.467737e-2	2.265043e-2	2.704404e-2
43.3	2.461651e-2	2.259912e-2	2.697192e-2
43.4	2.45559e-2	2.254802e-2	2.69001e-2
43.5	2.449553e-2	2.249713e-2	2.682857e-2
43.6	2.443541e-2	2.244645e-2	2.675734e-2
43.7	2.437554e-2	2.239597e-2	2.668641e-2
43.8	2.431591e-2	2.23457e-2	2.661576e-2
43.9	2.425652e-2	2.229562e-2	2.654541e-2
44.0	2.419738e-2	2.224575e-2	2.647535e-2
44.1	2.413847e-2	2.219607e-2	2.640558e-2
44.2	2.40798e-2	2.214659e-2	2.63361e-2
44.3	2.402138e-2	2.209731e-2	2.62669e-2
44.4	2.396318e-2	2.204822e-2	2.619799e-2
44.5	2.390522e-2	2.199933e-2	2.612936e-2
44.6	2.38475e-2	2.195063e-2	2.606101e-2
44.7	2.379e-2	2.190212e-2	2.599295e-2
44.8	2.373274e-2	2.185379e-2	2.592516e-2
44.9	2.367571e-2	2.180566e-2	2.585766e-2
45.0	2.36189e-2	2.175771e-2	2.579043e-2
45.1	2.356232e-2	2.170995e-2	2.572348e-2
45.2	2.350597e-2	2.166237e-2	2.56568e-2
45.3	2.344984e-2	2.161497e-2	2.55904e-2
45.4	2.339393e-2	2.156775e-2	2.552427e-2
45.5	2.333825e-2	2.152072e-2	2.545841e-2
45.6	2.328279e-2	2.147386e-2	2.539282e-2
45.7	2.322754e-2	2.142718e-2	2.53275e-2
45.8	2.317251e-2	2.138067e-2	2.526245e-2
45.9	2.31177e-2	2.133434e-2	2.519766e-2
46.0	2.306311e-2	2.128818e-2	2.513314e-2
46.1	2.300873e-2	2.12422e-2	2.506889e-2
46.2	2.295456e-2	2.119638e-2	2.500489e-2
46.3	2.290061e-2	2.115074e-2	2.494116e-2
46.4	2.284686e-2	2.110526e-2	2.487769e-2
46.5	2.279333e-2	2.105996e-2	2.481448e-2
46.6	2.274e-2	2.101481e-2	2.475153e-2
46.7	2.268689e-2	2.096984e-2	2.468884e-2
46.8	2.263397e-2	2.092502e-2	2.46264e-2
46.9	2.258126e-2	2.088037e-2	2.456422e-2
47.0	2.252876e-2	2.083588e-2	2.450229e-2
47.1	2.247646e-2	2.079155e-2	2.444061e-2
47.2	2.242436e-2	2.074738e-2	2.437919e-2
47.3	2.237246e-2	2.070337e-2	2.431801e-2
47.4	2.232076e-2	2.065951e-2	2.425709e-2
47.5	2.226926e-2	2.061581e-2	2.419641e-2
47.6	2.221795e-2	2.057226e-2	2.413598e-2
47.7	2.216684e-2	2.052887e-2	2.40758e-2
47.8	2.211593e-2	2.048563e-2	2.401586e-2
47.9	2.206521e-2	2.044254e-2	2.395617e-2
48.0	2.201468e-2	2.03996e-2	2.389672e-2
48.1	2.196434e-2	2.035681e-2	2.383751e-2
48.2	2.191419e-2	2.031416e-2	2.377854e-2
48.3	2.186424e-2	2.027167e-2	2.371981e-2
48.4	2.181447e-2	2.022932e-2	2.366132e-2
48.5	2.176489e-2	2.018711e-2	2.360307e-2
48.6	2.171549e-2	2.014505e-2	2.354506e-2
48.7	2.166628e-2	2.010313e-2	2.348727e-2
48.8	2.161726e-2	2.006135e-2	2.342973e-2
48.9	2.156841e-2	2.001971e-2	2.337242e-2
49.0	2.151975e-2	1.997821e-2	2.331533e-2
49.1	2.147127e-2	1.993685e-2	2.325849e-2
49.2	2.142297e-2	1.989563e-2	2.320187e-2
49.3	2.137485e-2	1.985455e-2	2.314548e-2
49.4	2.132691e-2	1.98136e-2	2.308931e-2
49.5	2.127914e-2	1.977278e-2	2.303338e-2
49.6	2.123155e-2	1.97321e-2	2.297767e-2
49.7	2.118414e-2	1.969155e-2	2.292219e-2
49.8	2.11369e-2	1.965113e-2	2.286693e-2
49.9	2.108983e-2	1.961084e-2	2.281189e-2
50.0	2.104293e-2	1.957068e-2	2.275707e-2
50.1	2.099621e-2	1.953065e-2	2.270248e-2
50.2	2.094965e-2	1.949075e-2	2.264811e-2
50.3	2.090327e-2	1.945098e-2	2.259395e-2
50.4	2.085705e-2	1.941133e-2	2.254001e-2
50.5	2.0811e-2	1.93718e-2	2.248629e-2
50.6	2.076512e-2	1.93324e-2	2.243279e-2
50.7	2.07194e-2	1.929312e-2	2.23795e-2
50.8	2.067385e-2	1.925397e-2	2.232643e-2
50.9	2.062846e-2	1.921494e-2	2.227357e-2
51.0	2.058323e-2	1.917602e-2	2.222092e-2
51.1	2.053816e-2	1.913723e-2	2.216848e-2
51.2	2.049326e-2	1.909855e-2	2.211625e-2
51.3	2.044851e-2	1.905999e-2	2.206423e-2
51.4	2.040392e-2	1.902155e-2	2.201242e-2
51.5	2.035949e-2	1.898323e-2	2.196082e-2
51.6	2.031522e-2	1.894502e-2	2.190943e-2
51.7	2.027111e-2	1.890692e-2	2.185824e-2
51.8	2.022715e-2	1.886894e-2	2.180725e-2
51.9	2.018334e-2	1.883107e-2	2.175647e-2
52.0	2.013969e-2	1.879331e-2	2.170589e-2
52.1	2.009619e-2	1.875567e-2	2.165551e-2
52.2	2.005284e-2	1.871813e-2	2.160533e-2
52.3	2.000965e-2	1.86807e-2	2.155535e-2
52.4	1.99666e-2	1.864338e-2	2.150558e-2
52.5	1.99237e-2	1.860617e-2	2.1456e-2
52.6	1.988095e-2	1.856906e-2	2.140661e-2
52.7	1.983835e-2	1.853206e-2	2.135743e-2
52.8	1.97959e-2	1.849517e-2	2.130843e-2
52.9	1.975359e-2	1.845838e-2	2.125964e-2
53.0	1.971142e-2	1.84217e-2	2.121103e-2
53.1	1.96694e-2	1.838511e-2	2.116262e-2
53.2	1.962752e-2	1.834863e-2	2.11144e-2
53.3	1.958579e-2	1.831225e-2	2.106637e-2
53.4	1.95442e-2	1.827597e-2	2.101853e-2
53.5	1.950275e-2	1.823979e-2	2.097089e-2
53.6	1.946143e-2	1.820371e-2	2.092342e-2
53.7	1.942026e-2	1.816773e-2	2.087615e-2
53.8	1.937923e-2	1.813184e-2	2.082906e-2
53.9	1.933833e-2	1.809605e-2	2.078216e-2
54.0	1.929757e-2	1.806036e-2	2.073544e-2
54.1	1.925695e-2	1.802477e-2	2.068891e-2
54.2	1.921646e-2	1.798926e-2	2.064256e-2
54.3	1.91761e-2	1.795385e-2	2.059639e-2
54.4	1.913588e-2	1.791854e-2	2.05504e-2
54.5	1.90958e-2	1.788332e-2	2.050459e-2
54.6	1.905584e-2	1.784818e-2	2.045896e-2
54.7	1.901602e-2	1.781314e-2	2.041351e-2
54.8	1.897632e-2	1.777819e-2	2.036824e-2
54.9	1.893676e-2	1.774333e-2	2.032315e-2
55.0	1.889732e-2	1.770856e-2	2.027823e-2
55.1	1.885802e-2	1.767388e-2	2.023349e-2
55.2	1.881884e-2	1.763928e-2	2.018892e-2
55.3	1.877978e-2	1.760477e-2	2.014452e-2
55.4	1.874086e-2	1.757035e-2	2.01003e-2
55.5	1.870206e-2	1.753601e-2	2.005625e-2
55.6	1.866338e-2	1.750176e-2	2.001237e-2
55.7	1.862483e-2	1.746759e-2	1.996866e-2
55.8	1.85864e-2	1.74335e-2	1.992512e-2
55.9	1.854809e-2	1.73995e-2	1.988174e-2
56.0	1.85099e-2	1.736558e-2	1.983854e-2
56.1	1.847184e-2	1.733174e-2	1.97955e-2
56.2	1.84339e-2	1.729798e-2	1.975263e-2
56.3	1.839607e-2	1.72643e-2	1.970992e-2
56.4	1.835836e-2	1.72307e-2	1.966738e-2
56.5	1.832078e-2	1.719718e-2	1.962501e-2
56.6	1.82833e-2	1.716374e-2	1.958279e-2
56.7	1.824595e-2	1.713038e-2	1.954074e-2
56.8	1.820871e-2	1.709709e-2	1.949885e-2
56.9	1.817159e-2	1.706388e-2	1.945712e-2
57.0	1.813458e-2	1.703075e-2	1.941554e-2
57.1	1.809768e-2	1.699769e-2	1.937413e-2
57.2	1.80609e-2	1.696471e-2	1.933288e-2
57.3	1.802423e-2	1.69318e-2	1.929178e-2
57.4	1.798768e-2	1.689896e-2	1.925084e-2
57.5	1.795123e-2	1.68662e-2	1.921006e-2
57.6	1.791489e-2	1.683351e-2	1.916943e-2
57.7	1.787867e-2	1.680089e-2	1.912895e-2
57.8	1.784255e-2	1.676834e-2	1.908863e-2
57.9	1.780654e-2	1.673586e-2	1.904846e-2
58.0	1.777064e-2	1.670346e-2	1.900844e-2
58.1	1.773485e-2	1.667112e-2	1.896858e-2
58.2	1.769916e-2	1.663885e-2	1.892886e-2
58.3	1.766358e-2	1.660665e-2	1.88893e-2
58.4	1.76281e-2	1.657451e-2	1.884988e-2
58.5	1.759273e-2	1.654245e-2	1.881061e-2
58.6	1.755747e-2	1.651045e-2	1.877149e-2
58.7	1.75223e-2	1.647852e-2	1.873251e-2
58.8	1.748724e-2	1.644665e-2	1.869368e-2
58.9	1.745228e-2	1.641485e-2	1.8655e-2
59.0	1.741742e-2	1.638311e-2	1.861646e-2
59.1	1.738267e-2	1.635143e-2	1.857806e-2
59.2	1.734801e-2	1.631982e-2	1.853981e-2
59.3	1.731345e-2	1.628828e-2	1.85017e-2
59.4	1.727899e-2	1.625679e-2	1.846373e-2
59.5	1.724463e-2	1.622537e-2	1.84259e-2
59.6	1.721037e-2	1.6194e-2	1.838821e-2
59.7	1.71762e-2	1.61627e-2	1.835066e-2
59.8	1.714213e-2	1.613146e-2	1.831325e-2
59.9	1.710816e-2	1.610028e-2	1.827597e-2
60.0	1.707428e-2	1.606916e-2	1.823884e-2
60.1	1.70405e-2	1.60381e-2	1.820184e-2
60.2	1.700681e-2	1.600709e-2	1.816497e-2
60.3	1.697321e-2	1.597614e-2	1.812824e-2
60.4	1.693971e-2	1.594525e-2	1.809164e-2
60.5	1.690629e-2	1.591442e-2	1.805518e-2
60.6	1.687297e-2	1.588365e-2	1.801885e-2
60.7	1.683975e-2	1.585293e-2	1.798265e-2
60.8	1.680661e-2	1.582226e-2	1.794659e-2
60.9	1.677356e-2	1.579165e-2	1.791065e-2
61.0	1.67406e-2	1.576109e-2	1.787485e-2
61.1	1.670773e-2	1.573059e-2	1.783917e-2
61.2	1.667495e-2	1.570014e-2	1.780362e-2
61.3	1.664226e-2	1.566975e-2	1.77682e-2
61.4	1.660965e-2	1.563941e-2	1.773291e-2
61.5	1.657713e-2	1.560912e-2	1.769774e-2
61.6	1.654469e-2	1.557888e-2	1.76627e-2
61.7	1.651235e-2	1.554869e-2	1.762779e-2
61.8	1.648008e-2	1.551855e-2	1.7593e-2
61.9	1.64479e-2	1.548847e-2	1.755833e-2
62.0	1.641581e-2	1.545843e-2	1.752378e-2
62.1	1.638379e-2	1.542844e-2	1.748936e-2
62.2	1.635186e-2	1.539851e-2	1.745506e-2
62.3	1.632001e-2	1.536862e-2	1.742088e-2
62.4	1.628825e-2	1.533878e-2	1.738683e-2
62.5	1.625656e-2	1.530898e-2	1.735289e-2
62.6	1.622496e-2	1.527924e-2	1.731907e-2
62.7	1.619343e-2	1.524954e-2	1.728537e-2
62.8	1.616199e-2	1.521989e-2	1.725178e-2
62.9	1.613062e-2	1.519028e-2	1.721831e-2
63.0	1.609933e-2	1.516072e-2	1.718496e-2
63.1	1.606812e-2	1.51312e-2	1.715173e-2
63.2	1.603699e-2	1.510173e-2	1.711861e-2
63.3	1.600594e-2	1.507231e-2	1.708561e-2
63.4	1.597496e-2	1.504293e-2	1.705272e-2
63.5	1.594405e-2	1.501359e-2	1.701994e-2
63.6	1.591323e-2	1.498429e-2	1.698727e-2
63.7	1.588247e-2	1.495504e-2	1.695472e-2
63.8	1.585179e-2	1.492583e-2	1.692228e-2
63.9	1.582119e-2	1.489666e-2	1.688994e-2
64.0	1.579066e-2	1.486754e-2	1.685772e-2
64.1	1.57602e-2	1.483845e-2	1.682561e-2
64.2	1.572981e-2	1.480941e-2	1.679361e-2
64.3	1.56995e-2	1.478041e-2	1.676171e-2
64.4	1.566926e-2	1.475144e-2	1.672992e-2
64.5	1.563908e-2	1.472252e-2	1.669824e-2
64.6	1.560898e-2	1.469364e-2	1.666667e-2
64.7	1.557895e-2	1.466479e-2	1.66352e-2
64.8	1.554899e-2	1.463598e-2	1.660384e-2
64.9	1.551909e-2	1.460722e-2	1.657258e-2
65.0	1.548927e-2	1.457849e-2	1.654142e-2
65.1	1.545951e-2	1.45498e-2	1.651037e-2
65.2	1.542982e-2	1.452114e-2	1.647942e-2
65.3	1.54002e-2	1.449252e-2	1.644857e-2
65.4	1.537064e-2	1.446394e-2	1.641782e-2
65.5	1.534115e-2	1.44354e-2	1.638717e-2
65.6	1.531173e-2	1.440689e-2	1.635663e-2
65.7	1.528237e-2	1.437841e-2	1.632618e-2
65.8	1.525308e-2	1.434998e-2	1.629583e-2
65.9	1.522385e-2	1.432157e-2	1.626558e-2
66.0	1.519468e-2	1.42932e-2	1.623543e-2
66.1	1.516558e-2	1.426487e-2	1.620538e-2
66.2	1.513654e-2	1.423657e-2	1.617542e-2
66.3	1.510757e-2	1.42083e-2	1.614556e-2
66.4	1.507865e-2	1.418007e-2	1.611579e-2
66.5	1.50498e-2	1.415187e-2	1.608612e-2
66.6	1.502101e-2	1.41237e-2	1.605654e-2
66.7	1.499228e-2	1.409556e-2	1.602706e-2
66.8	1.496361e-2	1.406746e-2	1.599766e-2
66.9	1.4935e-2	1.403938e-2	1.596837e-2
67.0	1.490644e-2	1.401134e-2	1.593916e-2
67.1	1.487795e-2	1.398333e-2	1.591004e-2
67.2	1.484952e-2	1.395535e-2	1.588102e-2
67.3	1.482114e-2	1.39274e-2	1.585208e-2
67.4	1.479283e-2	1.389948e-2	1.582324e-2
67.5	1.476457e-2	1.387159e-2	1.579448e-2
67.6	1.473636e-2	1.384373e-2	1.576582e-2
67.7	1.470822e-2	1.38159e-2	1.573724e-2
67.8	1.468013e-2	1.37881e-2	1.570875e-2
67.9	1.465209e-2	1.376033e-2	1.568034e-2
68.0	1.462411e-2	1.373258e-2	1.565202e-2
68.1	1.459619e-2	1.370487e-2	1.562379e-2
68.2	1.456832e-2	1.367718e-2	1.559564e-2
68.3	1.45405e-2	1.364951e-2	1.556758e-2
68.4	1.451274e-2	1.362188e-2	1.55396e-2
68.5	1.448503e-2	1.359427e-2	1.551171e-2
68.6	1.445737e-2	1.356669e-2	1.548389e-2
68.7	1.442977e-2	1.353914e-2	1.545616e-2
68.8	1.440222e-2	1.351161e-2	1.542852e-2
68.9	1.437472e-2	1.34841e-2	1.540095e-2
69.0	1.434727e-2	1.345663e-2	1.537346e-2
69.1	1.431987e-2	1.342917e-2	1.534606e-2
69.2	1.429252e-2	1.340175e-2	1.531873e-2
69.3	1.426523e-2	1.337434e-2	1.529149e-2
69.4	1.423798e-2	1.334697e-2	1.526432e-2
69.5	1.421078e-2	1.331961e-2	1.523723e-2
69.6	1.418363e-2	1.329228e-2	1.521022e-2
69.7	1.415653e-2	1.326498e-2	1.518329e-2
69.8	1.412948e-2	1.323769e-2	1.515643e-2
69.9	1.410248e-2	1.321043e-2	1.512965e-2
70.0	1.407552e-2	1.31832e-2	1.510294e-2
70.1	1.404861e-2	1.315598e-2	1.507631e-2
70.2	1.402175e-2	1.312879e-2	1.504976e-2
70.3	1.399493e-2	1.310162e-2	1.502328e-2
70.4	1.396816e-2	1.307448e-2	1.499687e-2
70.5	1.394144e-2	1.304735e-2	1.497053e-2
70.6	1.391476e-2	1.302025e-2	1.494427e-2
70.7	1.388813e-2	1.299317e-2	1.491808e-2
70.8	1.386154e-2	1.29661e-2	1.489196e-2
70.9	1.383499e-2	1.293906e-2	1.486592e-2
71.0	1.380849e-2	1.291204e-2	1.483994e-2
71.1	1.378203e-2	1.288504e-2	1.481403e-2
71.2	1.375562e-2	1.285806e-2	1.47882e-2
71.3	1.372925e-2	1.28311e-2	1.476243e-2
71.4	1.370292e-2	1.280416e-2	1.473673e-2
71.5	1.367664e-2	1.277724e-2	1.47111e-2
71.6	1.365039e-2	1.275034e-2	1.468554e-2
71.7	1.362419e-2	1.272346e-2	1.466004e-2
71.8	1.359803e-2	1.26966e-2	1.463461e-2
71.9	1.357191e-2	1.266975e-2	1.460925e-2
72.0	1.354583e-2	1.264293e-2	1.458396e-2
72.1	1.351979e-2	1.261612e-2	1.455872e-2
72.2	1.349379e-2	1.258933e-2	1.453356e-2
72.3	1.346783e-2	1.256255e-2	1.450846e-2
72.4	1.344191e-2	1.25358e-2	1.448342e-2
72.5	1.341602e-2	1.250906e-2	1.445844e-2
72.6	1.339018e-2	1.248234e-2	1.443353e-2
72.7	1.336438e-2	1.245564e-2	1.440868e-2
72.8	1.333861e-2	1.242895e-2	1.43839e-2
72.9	1.331288e-2	1.240228e-2	1.435917e-2
73.0	1.328719e-2	1.237563e-2	1.433451e-2
73.1	1.326153e-2	1.234899e-2	1.430991e-2
73.2	1.323592e-2	1.232237e-2	1.428536e-2
73.3	1.321033e-2	1.229576e-2	1.426088e-2
73.4	1.318479e-2	1.226917e-2	1.423646e-2
73.5	1.315928e-2	1.22426e-2	1.421209e-2
73.6	1.313381e-2	1.221604e-2	1.418779e-2
73.7	1.310837e-2	1.218949e-2	1.416354e-2
73.8	1.308296e-2	1.216297e-2	1.413935e-2
73.9	1.305759e-2	1.213645e-2	1.411522e-2
74.0	1.303226e-2	1.210995e-2	1.409114e-2
74.1	1.300696e-2	1.208347e-2	1.406712e-2
74.2	1.298169e-2	1.205699e-2	1.404316e-2
74.3	1.295646e-2	1.203054e-2	1.401925e-2
74.4	1.293126e-2	1.200409e-2	1.39954e-2
74.5	1.290609e-2	1.197766e-2	1.39716e-2
74.6	1.288096e-2	1.195125e-2	1.394785e-2
74.7	1.285586e-2	1.192484e-2	1.392416e-2
74.8	1.283079e-2	1.189845e-2	1.390053e-2
74.9	1.280575e-2	1.187208e-2	1.387694e-2
75.0	1.278074e-2	1.184571e-2	1.385341e-2
75.1	1.275576e-2	1.181936e-2	1.382993e-2
75.2	1.273082e-2	1.179302e-2	1.38065e-2
75.3	1.270591e-2	1.17667e-2	1.378313e-2
75.4	1.268102e-2	1.174039e-2	1.37598e-2
75.5	1.265617e-2	1.171408e-2	1.373653e-2
75.6	1.263135e-2	1.168779e-2	1.37133e-2
75.7	1.260655e-2	1.166152e-2	1.369013e-2
75.8	1.258179e-2	1.163525e-2	1.3667e-2
75.9	1.255705e-2	1.1609e-2	1.364392e-2
76.0	1.253235e-2	1.158275e-2	1.36209e-2
76.1	1.250767e-2	1.155652e-2	1.359791e-2
76.2	1.248302e-2	1.15303e-2	1.357498e-2
76.3	1.24584e-2	1.150409e-2	1.35521e-2
76.4	1.243381e-2	1.147789e-2	1.352926e-2
76.5	1.240924e-2	1.14517e-2	1.350647e-2
76.6	1.23847e-2	1.142552e-2	1.348372e-2
76.7	1.236019e-2	1.139936e-2	1.346102e-2
76.8	1.233571e-2	1.13732e-2	1.343837e-2
76.9	1.231125e-2	1.134705e-2	1.341576e-2
77.0	1.228682e-2	1.132092e-2	1.339319e-2
77.1	1.226241e-2	1.129479e-2	1.337067e-2
77.2	1.223803e-2	1.126867e-2	1.33482e-2
77.3	1.221368e-2	1.124257e-2	1.332576e-2
77.4	1.218935e-2	1.121647e-2	1.330338e-2
77.5	1.216505e-2	1.119038e-2	1.328103e-2
77.6	1.214077e-2	1.11643e-2	1.325872e-2
77.7	1.211652e-2	1.113823e-2	1.323646e-2
77.8	1.209229e-2	1.111217e-2	1.321424e-2
77.9	1.206808e-2	1.108612e-2	1.319206e-2
78.0	1.20439e-2	1.106007e-2	1.316992e-2
78.1	1.201975e-2	1.103404e-2	1.314783e-2
78.2	1.199561e-2	1.100801e-2	1.312577e-2
78.3	1.19715e-2	1.0982e-2	1.310375e-2
78.4	1.194742e-2	1.095599e-2	1.308177e-2
78.5	1.192335e-2	1.092999e-2	1.305984e-2
78.6	1.189931e-2	1.0904e-2	1.303794e-2
78.7	1.18753e-2	1.087801e-2	1.301608e-2
78.8	1.18513e-2	1.085203e-2	1.299425e-2
78.9	1.182733e-2	1.082607e-2	1.297247e-2
79.0	1.180337e-2	1.080011e-2	1.295072e-2
79.1	1.177944e-2	1.077415e-2	1.292901e-2
79.2	1.175553e-2	1.074821e-2	1.290734e-2
79.3	1.173165e-2	1.072227e-2	1.28857e-2
79.4	1.170778e-2	1.069634e-2	1.28641e-2
79.5	1.168393e-2	1.067042e-2	1.284254e-2
79.6	1.166011e-2	1.06445e-2	1.282101e-2
79.7	1.163631e-2	1.061859e-2	1.279951e-2
79.8	1.161252e-2	1.059269e-2	1.277805e-2
79.9	1.158876e-2	1.056679e-2	1.275663e-2
80.0	1.156501e-2	1.054091e-2	1.273524e-2
80.1	1.154129e-2	1.051502e-2	1.271388e-2
80.2	1.151758e-2	1.048915e-2	1.269256e-2
80.3	1.14939e-2	1.046328e-2	1.267127e-2
80.4	1.147023e-2	1.043742e-2	1.265002e-2
80.5	1.144658e-2	1.041157e-2	1.262879e-2
80.6	1.142295e-2	1.038572e-2	1.26076e-2
80.7	1.139934e-2	1.035987e-2	1.258644e-2
80.8	1.137575e-2	1.033404e-2	1.256532e-2
80.9	1.135218e-2	1.030821e-2	1.254422e-2
81.0	1.132862e-2	1.028239e-2	1.252316e-2
81.1	1.130509e-2	1.025657e-2	1.250212e-2
81.2	1.128157e-2	1.023076e-2	1.248112e-2
81.3	1.125806e-2	1.020495e-2	1.246015e-2
81.4	1.123458e-2	1.017915e-2	1.24392e-2
81.5	1.121111e-2	1.015335e-2	1.241829e-2
81.6	1.118766e-2	1.012757e-2	1.239741e-2
81.7	1.116422e-2	1.010178e-2	1.237655e-2
81.8	1.114081e-2	1.0076e-2	1.235573e-2
81.9	1.111741e-2	1.005023e-2	1.233493e-2
82.0	1.109402e-2	1.002446e-2	1.231416e-2
82.1	1.107065e-2	9.998703e-3	1.229342e-2
82.2	1.10473e-2	9.972947e-3	1.227271e-2
82.3	1.102396e-2	9.947196e-3	1.225202e-2
82.4	1.100064e-2	9.92145e-3	1.223136e-2
82.5	1.097734e-2	9.895709e-3	1.221073e-2
82.6	1.095405e-2	9.869974e-3	1.219013e-2
82.7	1.093077e-2	9.844243e-3	1.216955e-2
82.8	1.090751e-2	9.818517e-3	1.2149e-2
82.9	1.088427e-2	9.792796e-3	1.212847e-2
83.0	1.086104e-2	9.76708e-3	1.210797e-2
83.1	1.083782e-2	9.741369e-3	1.208749e-2
83.2	1.081462e-2	9.715663e-3	1.206704e-2
83.3	1.079144e-2	9.689961e-3	1.204662e-2
83.4	1.076826e-2	9.664264e-3	1.202621e-2
83.5	1.074511e-2	9.638572e-3	1.200584e-2
83.6	1.072196e-2	9.612884e-3	1.198548e-2
83.7	1.069883e-2	9.587201e-3	1.196515e-2
83.8	1.067572e-2	9.561523e-3	1.194485e-2
83.9	1.065261e-2	9.535848e-3	1.192457e-2
84.0	1.062952e-2	9.510179e-3	1.190431e-2
84.1	1.060645e-2	9.484513e-3	1.188407e-2
84.2	1.058338e-2	9.458853e-3	1.186386e-2
84.3	1.056033e-2	9.433196e-3	1.184366e-2
84.4	1.05373e-2	9.407544e-3	1.182349e-2
84.5	1.051427e-2	9.381896e-3	1.180335e-2
84.6	1.049126e-2	9.356252e-3	1.178322e-2
84.7	1.046826e-2	9.330612e-3	1.176311e-2
84.8	1.044527e-2	9.304977e-3	1.174303e-2
84.9	1.04223e-2	9.279346e-3	1.172297e-2
85.0	1.039934e-2	9.253719e-3	1.170292e-2
85.1	1.037639e-2	9.228096e-3	1.16829e-2
85.2	1.035345e-2	9.202477e-3	1.16629e-2
85.3	1.033052e-2	9.176862e-3	1.164292e-2
85.4	1.030761e-2	9.151252e-3	1.162296e-2
85.5	1.02847e-2	9.125645e-3	1.160301e-2
85.6	1.026181e-2	9.100042e-3	1.158309e-2
85.7	1.023893e-2	9.074443e-3	1.156319e-2
85.8	1.021606e-2	9.048849e-3	1.15433e-2
85.9	1.01932e-2	9.023258e-3	1.152344e-2
86.0	1.017035e-2	8.997671e-3	1.150359e-2
86.1	1.014752e-2	8.972088e-3	1.148376e-2
86.2	1.012469e-2	8.946509e-3	1.146395e-2
86.3	1.010188e-2	8.920934e-3	1.144415e-2
86.4	1.007907e-2	8.895362e-3	1.142438e-2
86.5	1.005628e-2	8.869795e-3	1.140462e-2
86.6	1.00335e-2	8.844232e-3	1.138488e-2
86.7	1.001072e-2	8.818672e-3	1.136515e-2
86.8	9.987961e-3	8.793116e-3	1.134545e-2
86.9	9.965209e-3	8.767564e-3	1.132576e-2
87.0	9.942466e-3	8.742016e-3	1.130608e-2
87.1	9.919734e-3	8.716472e-3	1.128642e-2
87.2	9.897012e-3	8.690931e-3	1.126678e-2
87.3	9.874299e-3	8.665395e-3	1.124716e-2
87.4	9.851596e-3	8.639862e-3	1.122755e-2
87.5	9.828903e-3	8.614333e-3	1.120795e-2
87.6	9.806219e-3	8.588808e-3	1.118837e-2
87.7	9.783544e-3	8.563286e-3	1.116881e-2
87.8	9.760879e-3	8.537769e-3	1.114926e-2
87.9	9.738224e-3	8.512255e-3	1.112973e-2
88.0	9.715577e-3	8.486746e-3	1.111021e-2
88.1	9.69294e-3	8.46124e-3	1.10907e-2
88.2	9.670312e-3	8.435738e-3	1.107121e-2
88.3	9.647692e-3	8.410239e-3	1.105174e-2
88.4	9.625082e-3	8.384745e-3	1.103228e-2
88.5	9.602481e-3	8.359255e-3	1.101283e-2
88.6	9.579888e-3	8.333768e-3	1.099339e-2
88.7	9.557304e-3	8.308286e-3	1.097397e-2
88.8	9.534729e-3	8.282807e-3	1.095457e-2
88.9	9.512162e-3	8.257332e-3	1.093517e-2
89.0	9.489604e-3	8.231861e-3	1.091579e-2
89.1	9.467054e-3	8.206395e-3	1.089642e-2
89.2	9.444512e-3	8.180932e-3	1.087707e-2
89.3	9.421979e-3	8.155473e-3	1.085772e-2
89.4	9.399454e-3	8.130018e-3	1.083839e-2
89.5	9.376938e-3	8.104567e-3	1.081907e-2
89.6	9.354429e-3	8.079121e-3	1.079977e-2
89.7	9.331929e-3	8.053678e-3	1.078047e-2
89.8	9.309436e-3	8.02824e-3	1.076119e-2
89.9	9.286952e-3	8.002805e-3	1.074192e-2
90.0	9.264476e-3	7.977375e-3	1.072266e-2
90.1	9.242007e-3	7.951949e-3	1.070341e-2
90.2	9.219546e-3	7.926527e-3	1.068418e-2
90.3	9.197093e-3	7.901109e-3	1.066495e-2
90.4	9.174648e-3	7.875696e-3	1.064574e-2
90.5	9.15221e-3	7.850287e-3	1.062653e-2
90.6	9.12978e-3	7.824882e-3	1.060734e-2
90.7	9.107358e-3	7.799482e-3	1.058816e-2
90.8	9.084943e-3	7.774086e-3	1.056899e-2
90.9	9.062536e-3	7.748694e-3	1.054982e-2
91.0	9.040136e-3	7.723307e-3	1.053067e-2
91.1	9.017744e-3	7.697924e-3	1.051153e-2
91.2	8.995359e-3	7.672546e-3	1.04924e-2
91.3	8.972981e-3	7.647172e-3	1.047328e-2
91.4	8.950611e-3	7.621803e-3	1.045417e-2
91.5	8.928248e-3	7.596438e-3	1.043507e-2
91.6	8.905892e-3	7.571079e-3	1.041598e-2
91.7	8.883543e-3	7.545723e-3	1.03969e-2
91.8	8.861202e-3	7.520373e-3	1.037782e-2
91.9	8.838868e-3	7.495027e-3	1.035876e-2
92.0	8.816541e-3	7.469686e-3	1.03397e-2
92.1	8.794221e-3	7.44435e-3	1.032066e-2
92.2	8.771908e-3	7.419019e-3	1.030162e-2
92.3	8.749602e-3	7.393693e-3	1.028259e-2
92.4	8.727303e-3	7.368372e-3	1.026357e-2
92.5	8.705011e-3	7.343056e-3	1.024456e-2
92.6	8.682727e-3	7.317745e-3	1.022556e-2
92.7	8.660449e-3	7.292439e-3	1.020657e-2
92.8	8.638178e-3	7.267138e-3	1.018758e-2
92.9	8.615914e-3	7.241842e-3	1.016861e-2
93.0	8.593657e-3	7.216552e-3	1.014964e-2
93.1	8.571407e-3	7.191267e-3	1.013068e-2
93.2	8.549163e-3	7.165987e-3	1.011172e-2
93.3	8.526927e-3	7.140713e-3	1.009278e-2
93.4	8.504698e-3	7.115445e-3	1.007384e-2
93.5	8.482475e-3	7.090181e-3	1.005491e-2
93.6	8.460259e-3	7.064924e-3	1.003599e-2
93.7	8.43805e-3	7.039672e-3	1.001707e-2
93.8	8.415848e-3	7.014425e-3	9.998167e-3
93.9	8.393652e-3	6.989185e-3	9.979268e-3
94.0	8.371464e-3	6.96395e-3	9.960375e-3
94.1	8.349282e-3	6.938721e-3	9.94149e-3
94.2	8.327107e-3	6.913498e-3	9.922613e-3
94.3	8.304939e-3	6.888281e-3	9.903742e-3
94.4	8.282778e-3	6.86307e-3	9.884878e-3
94.5	8.260623e-3	6.837866e-3	9.866022e-3
94.6	8.238475e-3	6.812667e-3	9.847172e-3
94.7	8.216334e-3	6.787474e-3	9.828329e-3
94.8	8.1942e-3	6.762288e-3	9.809493e-3
94.9	8.172073e-3	6.737108e-3	9.790664e-3
95.0	8.149953e-3	6.711935e-3	9.771841e-3
95.1	8.127839e-3	6.686768e-3	9.753025e-3
95.2	8.105732e-3	6.661608e-3	9.734215e-3
95.3	8.083632e-3	6.636454e-3	9.715412e-3
95.4	8.061539e-3	6.611307e-3	9.696615e-3
95.5	8.039453e-3	6.586167e-3	9.677825e-3
95.6	8.017373e-3	6.561033e-3	9.659041e-3
95.7	7.995301e-3	6.535906e-3	9.640264e-3
95.8	7.973235e-3	6.510787e-3	9.621492e-3
95.9	7.951177e-3	6.485674e-3	9.602727e-3
96.0	7.929125e-3	6.460568e-3	9.583968e-3
96.1	7.90708e-3	6.43547e-3	9.565215e-3
96.2	7.885042e-3	6.410379e-3	9.546468e-3
96.3	7.863011e-3	6.385295e-3	9.527727e-3
96.4	7.840988e-3	6.360219e-3	9.508993e-3
96.5	7.818971e-3	6.33515e-3	9.490264e-3
96.6	7.796961e-3	6.310088e-3	9.471541e-3
96.7	7.774959e-3	6.285034e-3	9.452824e-3
96.8	7.752963e-3	6.259988e-3	9.434112e-3
96.9	7.730975e-3	6.23495e-3	9.415407e-3
97.0	7.708993e-3	6.209919e-3	9.396707e-3
97.1	7.687019e-3	6.184897e-3	9.378014e-3
97.2	7.665053e-3	6.159882e-3	9.359326e-3
97.3	7.643093e-3	6.134875e-3	9.340643e-3
97.4	7.621141e-3	6.109877e-3	9.321966e-3
97.5	7.599196e-3	6.084887e-3	9.303295e-3
97.6	7.577258e-3	6.059905e-3	9.28463e-3
97.7	7.555328e-3	6.034932e-3	9.26597e-3
97.8	7.533405e-3	6.009967e-3	9.247316e-3
97.9	7.51149e-3	5.985011e-3	9.228668e-3
98.0	7.489582e-3	5.960063e-3	9.210025e-3
98.1	7.467681e-3	5.935124e-3	9.191387e-3
98.2	7.445788e-3	5.910194e-3	9.172755e-3
98.3	7.423903e-3	5.885273e-3	9.154129e-3
98.4	7.402026e-3	5.860361e-3	9.135508e-3
98.5	7.380156e-3	5.835458e-3	9.116893e-3
98.6	7.358293e-3	5.810564e-3	9.098283e-3
98.7	7.336439e-3	5.78568e-3	9.079679e-3
98.8	7.314592e-3	5.760804e-3	9.061081e-3
98.9	7.292754e-3	5.735939e-3	9.042487e-3
99.0	7.270923e-3	5.711082e-3	9.0239e-3
99.1	7.2491e-3	5.686236e-3	9.005317e-3
99.2	7.227285e-3	5.661399e-3	8.986741e-3
99.3	7.205478e-3	5.636572e-3	8.96817e-3
99.4	7.183679e-3	5.611755e-3	8.949604e-3
99.5	7.161889e-3	5.586948e-3	8.931044e-3
99.6	7.140106e-3	5.562151e-3	8.912489e-3
99.7	7.118332e-3	5.537364e-3	8.89394e-3
99.8	7.096566e-3	5.512587e-3	8.875397e-3
99.9	7.074809e-3	5.487821e-3	8.856859e-3
100.0	7.05306e-3	5.463065e-3	8.838326e-3
