5.0	7.284375e-2	6.540336e-2	7.944201e-2
5.1	7.240892e-2	6.497847e-2	7.899589e-2
5.2	7.197998e-2	6.455954e-2	7.855568e-2
5.3	7.15568e-2	6.414643e-2	7.812125e-2
5.4	7.113924e-2	6.373902e-2	7.769244e-2
5.5	7.072718e-2	6.333718e-2	7.726913e-2
5.6	7.032048e-2	6.294077e-2	7.685118e-2
5.7	6.991902e-2	6.254969e-2	7.643848e-2
5.8	6.952268e-2	6.21638e-2	7.603089e-2
5.9	6.913135e-2	6.178301e-2	7.56283e-2
6.0	6.874492e-2	6.140719e-2	7.52306e-2
6.1	6.836328e-2	6.103625e-2	7.483768e-2
6.2	6.798632e-2	6.067007e-2	7.444942e-2
6.3	6.761395e-2	6.030857e-2	7.406573e-2
6.4	6.724605e-2	5.995162e-2	7.36865e-2
6.5	6.688255e-2	5.959916e-2	7.331165e-2
6.6	6.652334e-2	5.925107e-2	7.294106e-2
6.7	6.616833e-2	5.890727e-2	7.257466e-2
6.8	6.581744e-2	5.856768e-2	7.221234e-2
6.9	6.547059e-2	5.82322e-2	7.185404e-2
7.0	6.512768e-2	5.790076e-2	7.149965e-2
7.1	6.478864e-2	5.757328e-2	7.114911e-2
7.2	6.44534e-2	5.724967e-2	7.080233e-2
7.3	6.412186e-2	5.692986e-2	7.045923e-2
7.4	6.379397e-2	5.661378e-2	7.011974e-2
7.5	6.346965e-2	5.630136e-2	6.97838e-2
7.6	6.314883e-2	5.599252e-2	6.945132e-2
7.7	6.283144e-2	5.568719e-2	6.912224e-2
7.8	6.251742e-2	5.538531e-2	6.879649e-2
7.9	6.22067e-2	5.508682e-2	6.847402e-2
8.0	6.189922e-2	5.479165e-2	6.815475e-2
8.1	6.159492e-2	5.449973e-2	6.783862e-2
8.2	6.129374e-2	5.421102e-2	6.752558e-2
8.3	6.099561e-2	5.392545e-2	6.721557e-2
8.4	6.07005e-2	5.364296e-2	6.690853e-2
8.5	6.040833e-2	5.33635e-2	6.660441e-2
8.6	6.011906e-2	5.308702e-2	6.630315e-2
8.7	5.983264e-2	5.281345e-2	6.60047e-2
8.8	5.954901e-2	5.254276e-2	6.570901e-2
8.9	5.926813e-2	5.227488e-2	6.541603e-2
9.0	5.898994e-2	5.200978e-2	6.512572e-2
9.1	5.87144e-2	5.174739e-2	6.483802e-2
9.2	5.844147e-2	5.148769e-2	6.45529e-2
9.3	5.81711e-2	5.123061e-2	6.42703e-2
9.4	5.790324e-2	5.097612e-2	6.399018e-2
9.5	5.763786e-2	5.072417e-2	6.37125e-2
9.6	5.73749e-2	5.047471e-2	6.343723e-2
9.7	5.711434e-2	5.022772e-2	6.316431e-2
9.8	5.685613e-2	4.998314e-2	6.289371e-2
9.9	5.660024e-2	4.974094e-2	6.26254e-2
10.0	5.634661e-2	4.950108e-2	6.235933e-2
10.1	5.609523e-2	4.926352e-2	6.209547e-2
10.2	5.584605e-2	4.902822e-2	6.183378e-2
10.3	5.559904e-2	4.879515e-2	6.157423e-2
10.4	5.535416e-2	4.856427e-2	6.131678e-2
10.5	5.511138e-2	4.833555e-2	6.10614e-2
10.6	5.487066e-2	4.810895e-2	6.080806e-2
10.7	5.463198e-2	4.788444e-2	6.055673e-2
10.8	5.43953e-2	4.766199e-2	6.030737e-2
10.9	5.41606e-2	4.744156e-2	6.005996e-2
11.0	5.392784e-2	4.722314e-2	5.981447e-2
11.1	5.369699e-2	4.700667e-2	5.957086e-2
11.2	5.346803e-2	4.679214e-2	5.932911e-2
11.3	5.324092e-2	4.657952e-2	5.908919e-2
11.4	5.301564e-2	4.636877e-2	5.885108e-2
11.5	5.279217e-2	4.615988e-2	5.861475e-2
11.6	5.257047e-2	4.59528e-2	5.838017e-2
11.7	5.235052e-2	4.574753e-2	5.814731e-2
11.8	5.213229e-2	4.554402e-2	5.791616e-2
11.9	5.191577e-2	4.534225e-2	5.768669e-2
12.0	5.170092e-2	4.514221e-2	5.745888e-2
12.1	5.148773e-2	4.494386e-2	5.723269e-2
12.2	5.127617e-2	4.474717e-2	5.700811e-2
12.3	5.106621e-2	4.455214e-2	5.678513e-2
12.4	5.085784e-2	4.435873e-2	5.65637e-2
12.5	5.065103e-2	4.416692e-2	5.634383e-2
12.6	5.044576e-2	4.397668e-2	5.612547e-2
12.7	5.024202e-2	4.378801e-2	5.590862e-2
12.8	5.003977e-2	4.360087e-2	5.569325e-2
12.9	4.983901e-2	4.341524e-2	5.547935e-2
13.0	4.963971e-2	4.323111e-2	5.526689e-2
13.1	4.944185e-2	4.304845e-2	5.505586e-2
13.2	4.924541e-2	4.286725e-2	5.484624e-2
13.3	4.905038e-2	4.268747e-2	5.4638e-2
13.4	4.885673e-2	4.250912e-2	5.443114e-2
13.5	4.866445e-2	4.233216e-2	5.422564e-2
13.6	4.847353e-2	4.215658e-2	5.402147e-2
13.7	4.828393e-2	4.198236e-2	5.381862e-2
13.8	4.809566e-2	4.180948e-2	5.361708e-2
13.9	4.790869e-2	4.163793e-2	5.341683e-2
14.0	4.7723e-2	4.146769e-2	5.321785e-2
14.1	4.753858e-2	4.129874e-2	5.302013e-2
14.2	4.735541e-2	4.113106e-2	5.282365e-2
14.3	4.717349e-2	4.096465e-2	5.262841e-2
14.4	4.699278e-2	4.079948e-2	5.243437e-2
14.5	4.681329e-2	4.063553e-2	5.224154e-2
14.6	4.663499e-2	4.04728e-2	5.204989e-2
14.7	4.645786e-2	4.031127e-2	5.185942e-2
14.8	4.628191e-2	4.015092e-2	5.167011e-2
14.9	4.610711e-2	3.999174e-2	5.148194e-2
15.0	4.593345e-2	3.983371e-2	5.12949e-2
15.1	4.576091e-2	3.967683e-2	5.110898e-2
15.2	4.558949e-2	3.952107e-2	5.092418e-2
15.3	4.541916e-2	3.936642e-2	5.074046e-2
15.4	4.524993e-2	3.921288e-2	5.055783e-2
15.5	4.508177e-2	3.906042e-2	5.037628e-2
15.6	4.491467e-2	3.890904e-2	5.019578e-2
15.7	4.474863e-2	3.875872e-2	5.001633e-2
15.8	4.458363e-2	3.860945e-2	4.983792e-2
15.9	4.441965e-2	3.846121e-2	4.966054e-2
16.0	4.42567e-2	3.831401e-2	4.948417e-2
16.1	4.409475e-2	3.816781e-2	4.930881e-2
16.2	4.393379e-2	3.802262e-2	4.913445e-2
16.3	4.377382e-2	3.787842e-2	4.896107e-2
16.4	4.361483e-2	3.77352e-2	4.878866e-2
16.5	4.34568e-2	3.759295e-2	4.861722e-2
16.6	4.329973e-2	3.745166e-2	4.844673e-2
16.7	4.314359e-2	3.731131e-2	4.827719e-2
16.8	4.29884e-2	3.717191e-2	4.810859e-2
16.9	4.283413e-2	3.703343e-2	4.794091e-2
17.0	4.268077e-2	3.689586e-2	4.777415e-2
17.1	4.252832e-2	3.67592e-2	4.76083e-2
17.2	4.237677e-2	3.662344e-2	4.744335e-2
17.3	4.22261e-2	3.648857e-2	4.727929e-2
17.4	4.207631e-2	3.635458e-2	4.711611e-2
17.5	4.19274e-2	3.622145e-2	4.695381e-2
17.6	4.177934e-2	3.608918e-2	4.679238e-2
17.7	4.163214e-2	3.595777e-2	4.663181e-2
17.8	4.148579e-2	3.582719e-2	4.647208e-2
17.9	4.134027e-2	3.569745e-2	4.63132e-2
18.0	4.119558e-2	3.556853e-2	4.615516e-2
18.1	4.10517e-2	3.544043e-2	4.599794e-2
18.2	4.090865e-2	3.531313e-2	4.584154e-2
18.3	4.07664e-2	3.518663e-2	4.568595e-2
18.4	4.062494e-2	3.506093e-2	4.553117e-2
18.5	4.048428e-2	3.4936e-2	4.537719e-2
18.6	4.034439e-2	3.481185e-2	4.5224e-2
18.7	4.020529e-2	3.468847e-2	4.50716e-2
18.8	4.006695e-2	3.456585e-2	4.491997e-2
18.9	3.992937e-2	3.444398e-2	4.476911e-2
19.0	3.979255e-2	3.432285e-2	4.461902e-2
19.1	3.965648e-2	3.420246e-2	4.446969e-2
19.2	3.952114e-2	3.40828e-2	4.432111e-2
19.3	3.938654e-2	3.396387e-2	4.417327e-2
19.4	3.925267e-2	3.384565e-2	4.402617e-2
19.5	3.911952e-2	3.372814e-2	4.387981e-2
19.6	3.898709e-2	3.361133e-2	4.373417e-2
19.7	3.885536e-2	3.349521e-2	4.358926e-2
19.8	3.872434e-2	3.337979e-2	4.344506e-2
19.9	3.859401e-2	3.326504e-2	4.330157e-2
20.0	3.846438e-2	3.315098e-2	4.315878e-2
20.1	3.833542e-2	3.303758e-2	4.30167e-2
20.2	3.820715e-2	3.292484e-2	4.28753e-2
20.3	3.807955e-2	3.281277e-2	4.273459e-2
20.4	3.795262e-2	3.270134e-2	4.259457e-2
20.5	3.782635e-2	3.259056e-2	4.245522e-2
20.6	3.770074e-2	3.248042e-2	4.231655e-2
20.7	3.757578e-2	3.237091e-2	4.217854e-2
20.8	3.745146e-2	3.226202e-2	4.204119e-2
20.9	3.732778e-2	3.215377e-2	4.19045e-2
21.0	3.720474e-2	3.204612e-2	4.176846e-2
21.1	3.708233e-2	3.193909e-2	4.163307e-2
21.2	3.696055e-2	3.183266e-2	4.149832e-2
21.3	3.683938e-2	3.172683e-2	4.13642e-2
21.4	3.671883e-2	3.16216e-2	4.123072e-2
21.5	3.659889e-2	3.151696e-2	4.109787e-2
21.6	3.647956e-2	3.14129e-2	4.096564e-2
21.7	3.636082e-2	3.130941e-2	4.083403e-2
21.8	3.624269e-2	3.120651e-2	4.070304e-2
21.9	3.612514e-2	3.110417e-2	4.057265e-2
22.0	3.600818e-2	3.10024e-2	4.044288e-2
22.1	3.589181e-2	3.090118e-2	4.03137e-2
22.2	3.577601e-2	3.080052e-2	4.018512e-2
22.3	3.566079e-2	3.070041e-2	4.005714e-2
22.4	3.554613e-2	3.060085e-2	3.992974e-2
22.5	3.543204e-2	3.050182e-2	3.980294e-2
22.6	3.531851e-2	3.040333e-2	3.967671e-2
22.7	3.520554e-2	3.030538e-2	3.955106e-2
22.8	3.509312e-2	3.020795e-2	3.942598e-2
22.9	3.498125e-2	3.011104e-2	3.930148e-2
23.0	3.486993e-2	3.001465e-2	3.917754e-2
23.1	3.475914e-2	2.991878e-2	3.905416e-2
23.2	3.464889e-2	2.982341e-2	3.893134e-2
23.3	3.453918e-2	2.972855e-2	3.880908e-2
23.4	3.442999e-2	2.963419e-2	3.868737e-2
23.5	3.432133e-2	2.954034e-2	3.856621e-2
23.6	3.421319e-2	2.944697e-2	3.844559e-2
23.7	3.410557e-2	2.935409e-2	3.832551e-2
23.8	3.399846e-2	2.92617e-2	3.820597e-2
23.9	3.389187e-2	2.916979e-2	3.808697e-2
24.0	3.378578e-2	2.907836e-2	3.796849e-2
24.1	3.368019e-2	2.89874e-2	3.785055e-2
24.2	3.357511e-2	2.889692e-2	3.773313e-2
24.3	3.347052e-2	2.88069e-2	3.761623e-2
24.4	3.336643e-2	2.871734e-2	3.749984e-2
24.5	3.326282e-2	2.862824e-2	3.738398e-2
24.6	3.31597e-2	2.85396e-2	3.726862e-2
24.7	3.305707e-2	2.845141e-2	3.715378e-2
24.8	3.295492e-2	2.836367e-2	3.703944e-2
24.9	3.285324e-2	2.827638e-2	3.69256e-2
25.0	3.275204e-2	2.818952e-2	3.681226e-2
25.1	3.265131e-2	2.810311e-2	3.669942e-2
25.2	3.255104e-2	2.801713e-2	3.658708e-2
25.3	3.245124e-2	2.793159e-2	3.647522e-2
25.4	3.235191e-2	2.784647e-2	3.636386e-2
25.5	3.225303e-2	2.776178e-2	3.625298e-2
25.6	3.21546e-2	2.767751e-2	3.614258e-2
25.7	3.205664e-2	2.759366e-2	3.603266e-2
25.8	3.195912e-2	2.751022e-2	3.592322e-2
25.9	3.186204e-2	2.74272e-2	3.581425e-2
26.0	3.176541e-2	2.734459e-2	3.570576e-2
26.1	3.166923e-2	2.726239e-2	3.559774e-2
26.2	3.157348e-2	2.718059e-2	3.549018e-2
26.3	3.147817e-2	2.709919e-2	3.538309e-2
26.4	3.138329e-2	2.701819e-2	3.527645e-2
26.5	3.128884e-2	2.693759e-2	3.517028e-2
26.6	3.119482e-2	2.685737e-2	3.506457e-2
26.7	3.110123e-2	2.677755e-2	3.49593e-2
26.8	3.100805e-2	2.669812e-2	3.485449e-2
26.9	3.09153e-2	2.661906e-2	3.475013e-2
27.0	3.082297e-2	2.654039e-2	3.464622e-2
27.1	3.073105e-2	2.64621e-2	3.454275e-2
27.2	3.063954e-2	2.638419e-2	3.443973e-2
27.3	3.054845e-2	2.630665e-2	3.433714e-2
27.4	3.045776e-2	2.622947e-2	3.423499e-2
27.5	3.036748e-2	2.615267e-2	3.413328e-2
27.6	3.02776e-2	2.607623e-2	3.4032e-2
27.7	3.018812e-2	2.600016e-2	3.393115e-2
27.8	3.009904e-2	2.592444e-2	3.383073e-2
27.9	3.001035e-2	2.584909e-2	3.373074e-2
28.0	2.992206e-2	2.577409e-2	3.363117e-2
28.1	2.983416e-2	2.569944e-2	3.353202e-2
28.2	2.974665e-2	2.562514e-2	3.343329e-2
28.3	2.965952e-2	2.55512e-2	3.333498e-2
28.4	2.957278e-2	2.547759e-2	3.323709e-2
28.5	2.948643e-2	2.540433e-2	3.313961e-2
28.6	2.940045e-2	2.533142e-2	3.304255e-2
28.7	2.931485e-2	2.525884e-2	3.294589e-2
28.8	2.922963e-2	2.51866e-2	3.284964e-2
28.9	2.914478e-2	2.511469e-2	3.27538e-2
29.0	2.90603e-2	2.504311e-2	3.265836e-2
29.1	2.897619e-2	2.497187e-2	3.256332e-2
29.2	2.889245e-2	2.490095e-2	3.246868e-2
29.3	2.880908e-2	2.483036e-2	3.237444e-2
29.4	2.872606e-2	2.476009e-2	3.22806e-2
29.5	2.864342e-2	2.469014e-2	3.218715e-2
29.6	2.856113e-2	2.462052e-2	3.209409e-2
29.7	2.847919e-2	2.455121e-2	3.200142e-2
29.8	2.839762e-2	2.448221e-2	3.190915e-2
29.9	2.831639e-2	2.441353e-2	3.181725e-2
30.0	2.823552e-2	2.434516e-2	3.172575e-2
30.1	2.8155e-2	2.427709e-2	3.163463e-2
30.2	2.807483e-2	2.420934e-2	3.154388e-2
30.3	2.7995e-2	2.414189e-2	3.145352e-2
30.4	2.791552e-2	2.407474e-2	3.136354e-2
30.5	2.783638e-2	2.400789e-2	3.127393e-2
30.6	2.775758e-2	2.394135e-2	3.11847e-2
30.7	2.767912e-2	2.38751e-2	3.109584e-2
30.8	2.7601e-2	2.380914e-2	3.100735e-2
30.9	2.752321e-2	2.374348e-2	3.091923e-2
31.0	2.744575e-2	2.367811e-2	3.083148e-2
31.1	2.736863e-2	2.361303e-2	3.07441e-2
31.2	2.729184e-2	2.354824e-2	3.065708e-2
31.3	2.721537e-2	2.348374e-2	3.057042e-2
31.4	2.713924e-2	2.341951e-2	3.048412e-2
31.5	2.706342e-2	2.335558e-2	3.039819e-2
31.6	2.698794e-2	2.329192e-2	3.031261e-2
31.7	2.691277e-2	2.322854e-2	3.022738e-2
31.8	2.683792e-2	2.316544e-2	3.014252e-2
31.9	2.676339e-2	2.310261e-2	3.0058e-2
32.0	2.668918e-2	2.304006e-2	2.997384e-2
32.1	2.661528e-2	2.297778e-2	2.989003e-2
32.2	2.65417e-2	2.291578e-2	2.980657e-2
32.3	2.646843e-2	2.285404e-2	2.972345e-2
32.4	2.639547e-2	2.279256e-2	2.964068e-2
32.5	2.632282e-2	2.273136e-2	2.955826e-2
32.6	2.625047e-2	2.267041e-2	2.947617e-2
32.7	2.617843e-2	2.260973e-2	2.939443e-2
32.8	2.61067e-2	2.254932e-2	2.931303e-2
32.9	2.603527e-2	2.248916e-2	2.923197e-2
33.0	2.596414e-2	2.242925e-2	2.915124e-2
33.1	2.589331e-2	2.236961e-2	2.907085e-2
33.2	2.582277e-2	2.231022e-2	2.89908e-2
33.3	2.575254e-2	2.225108e-2	2.891108e-2
33.4	2.56826e-2	2.219219e-2	2.883168e-2
33.5	2.561295e-2	2.213355e-2	2.875262e-2
33.6	2.55436e-2	2.207517e-2	2.867389e-2
33.7	2.547453e-2	2.201703e-2	2.859548e-2
33.8	2.540576e-2	2.195913e-2	2.85174e-2
33.9	2.533728e-2	2.190148e-2	2.843965e-2
34.0	2.526908e-2	2.184407e-2	2.836222e-2
34.1	2.520116e-2	2.17869e-2	2.828511e-2
34.2	2.513354e-2	2.172998e-2	2.820832e-2
34.3	2.506619e-2	2.167329e-2	2.813185e-2
34.4	2.499913e-2	2.161684e-2	2.80557e-2
34.5	2.493234e-2	2.156062e-2	2.797986e-2
34.6	2.486584e-2	2.150464e-2	2.790434e-2
34.7	2.479961e-2	2.144889e-2	2.782914e-2
34.8	2.473365e-2	2.139337e-2	2.775424e-2
34.9	2.466798e-2	2.133809e-2	2.767966e-2
35.0	2.460257e-2	2.128303e-2	2.760539e-2
35.1	2.453744e-2	2.12282e-2	2.753143e-2
35.2	2.447258e-2	2.117359e-2	2.745777e-2
35.3	2.440799e-2	2.111922e-2	2.738442e-2
35.4	2.434366e-2	2.106506e-2	2.731138e-2
35.5	2.42796e-2	2.101113e-2	2.723864e-2
35.6	2.421581e-2	2.095741e-2	2.716621e-2
35.7	2.415229e-2	2.090392e-2	2.709407e-2
35.8	2.408902e-2	2.085065e-2	2.702224e-2
35.9	2.402602e-2	2.079759e-2	2.695071e-2
36.0	2.396328e-2	2.074475e-2	2.687947e-2
36.1	2.39008e-2	2.069213e-2	2.680853e-2
36.2	2.383858e-2	2.063971e-2	2.673789e-2
36.3	2.377661e-2	2.058752e-2	2.666754e-2
36.4	2.37149e-2	2.053553e-2	2.659748e-2
36.5	2.365345e-2	2.048375e-2	2.652772e-2
36.6	2.359225e-2	2.043218e-2	2.645825e-2
36.7	2.35313e-2	2.038082e-2	2.638906e-2
36.8	2.34706e-2	2.032966e-2	2.632017e-2
36.9	2.341016e-2	2.027871e-2	2.625156e-2
37.0	2.334996e-2	2.022797e-2	2.618325e-2
37.1	2.329001e-2	2.017742e-2	2.611521e-2
37.2	2.32303e-2	2.012708e-2	2.604746e-2
37.3	2.317085e-2	2.007694e-2	2.597999e-2
37.4	2.311163e-2	2.0027e-2	2.591281e-2
37.5	2.305266e-2	1.997726e-2	2.584591e-2
37.6	2.299394e-2	1.992771e-2	2.577928e-2
37.7	2.293545e-2	1.987836e-2	2.571294e-2
37.8	2.28772e-2	1.982921e-2	2.564687e-2
37.9	2.281919e-2	1.978025e-2	2.558108e-2
38.0	2.276142e-2	1.973148e-2	2.551557e-2
38.1	2.270389e-2	1.968291e-2	2.545033e-2
38.2	2.264659e-2	1.963452e-2	2.538536e-2
38.3	2.258953e-2	1.958633e-2	2.532067e-2
38.4	2.25327e-2	1.953832e-2	2.525624e-2
38.5	2.247611e-2	1.94905e-2	2.519209e-2
38.6	2.241974e-2	1.944287e-2	2.512821e-2
38.7	2.236361e-2	1.939543e-2	2.506459e-2
38.8	2.23077e-2	1.934817e-2	2.500124e-2
38.9	2.225202e-2	1.930109e-2	2.493816e-2
39.0	2.219658e-2	1.925419e-2	2.487535e-2
39.1	2.214135e-2	1.920748e-2	2.481279e-2
39.2	2.208635e-2	1.916095e-2	2.47505e-2
39.3	2.203158e-2	1.911459e-2	2.468848e-2
39.4	2.197703e-2	1.906842e-2	2.462671e-2
39.5	2.19227e-2	1.902242e-2	2.45652e-2
39.6	2.18686e-2	1.89766e-2	2.450396e-2
39.7	2.181471e-2	1.893096e-2	2.444297e-2
39.8	2.176104e-2	1.888549e-2	2.438224e-2
39.9	2.170759e-2	1.884019e-2	2.432176e-2
40.0	2.165436e-2	1.879506e-2	2.426154e-2
40.1	2.160135e-2	1.875011e-2	2.420157e-2
40.2	2.154855e-2	1.870533e-2	2.414186e-2
40.3	2.149596e-2	1.866072e-2	2.40824e-2
40.4	2.144359e-2	1.861628e-2	2.402319e-2
40.5	2.139143e-2	1.8572e-2	2.396423e-2
40.6	2.133949e-2	1.85279e-2	2.390552e-2
40.7	2.128775e-2	1.848396e-2	2.384706e-2
40.8	2.123622e-2	1.844018e-2	2.378885e-2
40.9	2.11849e-2	1.839657e-2	2.373088e-2
41.0	2.113379e-2	1.835312e-2	2.367316e-2
41.1	2.108289e-2	1.830984e-2	2.361568e-2
41.2	2.103219e-2	1.826672e-2	2.355845e-2
41.3	2.09817e-2	1.822376e-2	2.350146e-2
41.4	2.093141e-2	1.818095e-2	2.344471e-2
41.5	2.088133e-2	1.813831e-2	2.33882e-2
41.6	2.083145e-2	1.809583e-2	2.333193e-2
41.7	2.078177e-2	1.80535e-2	2.327591e-2
41.8	2.073229e-2	1.801133e-2	2.322012e-2
41.9	2.068301e-2	1.796932e-2	2.316456e-2
42.0	2.063393e-2	1.792746e-2	2.310925e-2
42.1	2.058504e-2	1.788575e-2	2.305417e-2
42.2	2.053636e-2	1.78442e-2	2.299932e-2
42.3	2.048787e-2	1.78028e-2	2.294471e-2
42.4	2.043957e-2	1.776155e-2	2.289033e-2
42.5	2.039147e-2	1.772046e-2	2.283618e-2
42.6	2.034356e-2	1.767951e-2	2.278226e-2
42.7	2.029585e-2	1.763871e-2	2.272858e-2
42.8	2.024833e-2	1.759806e-2	2.267512e-2
42.9	2.0201e-2	1.755756e-2	2.262189e-2
43.0	2.015386e-2	1.75172e-2	2.256889e-2
43.1	2.010691e-2	1.7477e-2	2.251611e-2
43.2	2.006014e-2	1.743693e-2	2.246357e-2
43.3	2.001357e-2	1.739701e-2	2.241124e-2
43.4	1.996718e-2	1.735724e-2	2.235914e-2
43.5	1.992098e-2	1.73176e-2	2.230726e-2
43.6	1.987496e-2	1.727811e-2	2.225561e-2
43.7	1.982913e-2	1.723876e-2	2.220418e-2
43.8	1.978348e-2	1.719955e-2	2.215297e-2
43.9	1.973801e-2	1.716048e-2	2.210197e-2
44.0	1.969273e-2	1.712155e-2	2.20512e-2
44.1	1.964763e-2	1.708276e-2	2.200065e-2
44.2	1.960271e-2	1.704411e-2	2.195031e-2
44.3	1.955796e-2	1.700559e-2	2.190019e-2
44.4	1.95134e-2	1.696721e-2	2.185028e-2
44.5	1.946901e-2	1.692896e-2	2.180059e-2
44.6	1.94248e-2	1.689085e-2	2.175111e-2
44.7	1.938077e-2	1.685287e-2	2.170185e-2
44.8	1.933691e-2	1.681503e-2	2.16528e-2
44.9	1.929323e-2	1.677732e-2	2.160396e-2
45.0	1.924972e-2	1.673974e-2	2.155533e-2
45.1	1.920639e-2	1.670229e-2	2.150691e-2
45.2	1.916323e-2	1.666497e-2	2.14587e-2
45.3	1.912024e-2	1.662778e-2	2.14107e-2
45.4	1.907742e-2	1.659072e-2	2.13629e-2
45.5	1.903477e-2	1.655379e-2	2.131531e-2
45.6	1.899229e-2	1.651698e-2	2.126793e-2
45.7	1.894998e-2	1.648031e-2	2.122075e-2
45.8	1.890783e-2	1.644375e-2	2.117378e-2
45.9	1.886586e-2	1.640733e-2	2.112701e-2
46.0	1.882405e-2	1.637103e-2	2.108045e-2
46.1	1.87824e-2	1.633485e-2	2.103408e-2
46.2	1.874092e-2	1.62988e-2	2.098792e-2
46.3	1.869961e-2	1.626287e-2	2.094195e-2
46.4	1.865846e-2	1.622706e-2	2.089619e-2
46.5	1.861747e-2	1.619137e-2	2.085062e-2
46.6	1.857664e-2	1.61558e-2	2.080526e-2
46.7	1.853598e-2	1.612036e-2	2.076009e-2
46.8	1.849547e-2	1.608503e-2	2.071511e-2
46.9	1.845513e-2	1.604982e-2	2.067034e-2
47.0	1.841494e-2	1.601473e-2	2.062575e-2
47.1	1.837492e-2	1.597976e-2	2.058136e-2
47.2	1.833505e-2	1.59449e-2	2.053717e-2
47.3	1.829533e-2	1.591017e-2	2.049316e-2
47.4	1.825578e-2	1.587554e-2	2.044935e-2
47.5	1.821638e-2	1.584103e-2	2.040573e-2
47.6	1.817713e-2	1.580664e-2	2.03623e-2
47.7	1.813804e-2	1.577236e-2	2.031906e-2
47.8	1.80991e-2	1.573819e-2	2.027601e-2
47.9	1.806032e-2	1.570414e-2	2.023315e-2
48.0	1.802168e-2	1.56702e-2	2.019047e-2
48.1	1.79832e-2	1.563637e-2	2.014798e-2
48.2	1.794487e-2	1.560265e-2	2.010568e-2
48.3	1.790669e-2	1.556904e-2	2.006356e-2
48.4	1.786866e-2	1.553554e-2	2.002162e-2
48.5	1.783078e-2	1.550214e-2	1.997987e-2
48.6	1.779304e-2	1.546886e-2	1.99383e-2
48.7	1.775546e-2	1.543569e-2	1.989692e-2
48.8	1.771801e-2	1.540262e-2	1.985571e-2
48.9	1.768072e-2	1.536966e-2	1.981469e-2
49.0	1.764357e-2	1.53368e-2	1.977384e-2
49.1	1.760657e-2	1.530405e-2	1.973318e-2
49.2	1.75697e-2	1.52714e-2	1.969269e-2
49.3	1.753299e-2	1.523886e-2	1.965238e-2
49.4	1.749641e-2	1.520642e-2	1.961225e-2
49.5	1.745998e-2	1.517409e-2	1.95723e-2
49.6	1.742369e-2	1.514186e-2	1.953252e-2
49.7	1.738754e-2	1.510973e-2	1.949291e-2
49.8	1.735153e-2	1.50777e-2	1.945348e-2
49.9	1.731566e-2	1.504577e-2	1.941422e-2
50.0	1.727992e-2	1.501394e-2	1.937514e-2
50.1	1.724433e-2	1.498222e-2	1.933623e-2
50.2	1.720887e-2	1.495059e-2	1.929748e-2
50.3	1.717355e-2	1.491906e-2	1.925891e-2
50.4	1.713837e-2	1.488762e-2	1.922051e-2
50.5	1.710332e-2	1.485629e-2	1.918228e-2
50.6	1.706841e-2	1.482505e-2	1.914422e-2
50.7	1.703363e-2	1.479391e-2	1.910632e-2
50.8	1.699898e-2	1.476287e-2	1.906859e-2
50.9	1.696447e-2	1.473192e-2	1.903103e-2
51.0	1.693009e-2	1.470106e-2	1.899364e-2
51.1	1.689584e-2	1.46703e-2	1.895641e-2
51.2	1.686173e-2	1.463963e-2	1.891934e-2
51.3	1.682774e-2	1.460906e-2	1.888244e-2
51.4	1.679389e-2	1.457858e-2	1.88457e-2
51.5	1.676016e-2	1.454819e-2	1.880912e-2
51.6	1.672656e-2	1.45179e-2	1.87727e-2
51.7	1.669309e-2	1.448769e-2	1.873645e-2
51.8	1.665975e-2	1.445758e-2	1.870035e-2
51.9	1.662653e-2	1.442755e-2	1.866442e-2
52.0	1.659345e-2	1.439762e-2	1.862864e-2
52.1	1.656048e-2	1.436777e-2	1.859302e-2
52.2	1.652765e-2	1.433801e-2	1.855756e-2
52.3	1.649493e-2	1.430834e-2	1.852226e-2
52.4	1.646234e-2	1.427876e-2	1.848711e-2
52.5	1.642988e-2	1.424927e-2	1.845212e-2
52.6	1.639753e-2	1.421986e-2	1.841728e-2
52.7	1.636531e-2	1.419054e-2	1.83826e-2
52.8	1.633321e-2	1.41613e-2	1.834807e-2
52.9	1.630123e-2	1.413215e-2	1.831369e-2
53.0	1.626938e-2	1.410309e-2	1.827947e-2
53.1	1.623764e-2	1.407411e-2	1.82454e-2
53.2	1.620602e-2	1.404521e-2	1.821148e-2
53.3	1.617452e-2	1.40164e-2	1.817771e-2
53.4	1.614314e-2	1.398766e-2	1.814408e-2
53.5	1.611187e-2	1.395901e-2	1.811061e-2
53.6	1.608073e-2	1.393045e-2	1.807729e-2
53.7	1.60497e-2	1.390196e-2	1.804411e-2
53.8	1.601878e-2	1.387356e-2	1.801108e-2
53.9	1.598798e-2	1.384523e-2	1.79782e-2
54.0	1.59573e-2	1.381699e-2	1.794546e-2
54.1	1.592672e-2	1.378882e-2	1.791287e-2
54.2	1.589627e-2	1.376074e-2	1.788042e-2
54.3	1.586592e-2	1.373273e-2	1.784812e-2
54.4	1.583569e-2	1.37048e-2	1.781596e-2
54.5	1.580557e-2	1.367695e-2	1.778394e-2
54.6	1.577556e-2	1.364917e-2	1.775207e-2
54.7	1.574567e-2	1.362147e-2	1.772033e-2
54.8	1.571588e-2	1.359385e-2	1.768874e-2
54.9	1.56862e-2	1.356631e-2	1.765728e-2
55.0	1.565663e-2	1.353884e-2	1.762597e-2
55.1	1.562717e-2	1.351144e-2	1.75948e-2
55.2	1.559782e-2	1.348412e-2	1.756376e-2
55.3	1.556858e-2	1.345688e-2	1.753286e-2
55.4	1.553944e-2	1.34297e-2	1.75021e-2
55.5	1.551041e-2	1.34026e-2	1.747147e-2
55.6	1.548149e-2	1.337558e-2	1.744098e-2
55.7	1.545267e-2	1.334862e-2	1.741062e-2
55.8	1.542396e-2	1.332174e-2	1.73804e-2
55.9	1.539535e-2	1.329493e-2	1.735032e-2
56.0	1.536684e-2	1.326819e-2	1.732036e-2
56.1	1.533844e-2	1.324152e-2	1.729054e-2
56.2	1.531014e-2	1.321492e-2	1.726085e-2
56.3	1.528194e-2	1.31884e-2	1.72313e-2
56.4	1.525385e-2	1.316194e-2	1.720187e-2
56.5	1.522585e-2	1.313555e-2	1.717257e-2
56.6	1.519796e-2	1.310922e-2	1.714341e-2
56.7	1.517017e-2	1.308297e-2	1.711437e-2
56.8	1.514247e-2	1.305679e-2	1.708546e-2
56.9	1.511488e-2	1.303067e-2	1.705668e-2
57.0	1.508738e-2	1.300462e-2	1.702803e-2
57.1	1.505999e-2	1.297863e-2	1.69995e-2
57.2	1.503269e-2	1.295271e-2	1.69711e-2
57.3	1.500549e-2	1.292686e-2	1.694282e-2
57.4	1.497838e-2	1.290107e-2	1.691467e-2
57.5	1.495137e-2	1.287535e-2	1.688665e-2
57.6	1.492446e-2	1.284969e-2	1.685874e-2
57.7	1.489764e-2	1.28241e-2	1.683096e-2
57.8	1.487091e-2	1.279857e-2	1.680331e-2
57.9	1.484428e-2	1.27731e-2	1.677577e-2
58.0	1.481775e-2	1.27477e-2	1.674836e-2
58.1	1.479131e-2	1.272236e-2	1.672107e-2
58.2	1.476496e-2	1.269708e-2	1.66939e-2
58.3	1.47387e-2	1.267186e-2	1.666684e-2
58.4	1.471253e-2	1.26467e-2	1.663991e-2
58.5	1.468646e-2	1.262161e-2	1.661309e-2
58.6	1.466047e-2	1.259658e-2	1.65864e-2
58.7	1.463458e-2	1.25716e-2	1.655982e-2
58.8	1.460878e-2	1.254669e-2	1.653336e-2
58.9	1.458306e-2	1.252183e-2	1.650701e-2
59.0	1.455744e-2	1.249704e-2	1.648078e-2
59.1	1.45319e-2	1.24723e-2	1.645466e-2
59.2	1.450645e-2	1.244763e-2	1.642866e-2
59.3	1.448109e-2	1.242301e-2	1.640277e-2
59.4	1.445581e-2	1.239844e-2	1.6377e-2
59.5	1.443063e-2	1.237394e-2	1.635134e-2
59.6	1.440552e-2	1.234949e-2	1.632579e-2
59.7	1.438051e-2	1.23251e-2	1.630036e-2
59.8	1.435558e-2	1.230077e-2	1.627503e-2
59.9	1.433073e-2	1.227649e-2	1.624982e-2
60.0	1.430597e-2	1.225226e-2	1.622471e-2
60.1	1.428129e-2	1.22281e-2	1.619972e-2
60.2	1.425669e-2	1.220398e-2	1.617483e-2
60.3	1.423218e-2	1.217992e-2	1.615006e-2
60.4	1.420775e-2	1.215592e-2	1.612539e-2
60.5	1.41834e-2	1.213197e-2	1.610082e-2
60.6	1.415913e-2	1.210807e-2	1.607637e-2
60.7	1.413495e-2	1.208423e-2	1.605202e-2
60.8	1.411084e-2	1.206044e-2	1.602778e-2
60.9	1.408682e-2	1.20367e-2	1.600364e-2
61.0	1.406287e-2	1.201301e-2	1.597961e-2
61.1	1.4039e-2	1.198937e-2	1.595568e-2
61.2	1.401522e-2	1.196579e-2	1.593186e-2
61.3	1.399151e-2	1.194226e-2	1.590813e-2
61.4	1.396788e-2	1.191877e-2	1.588451e-2
61.5	1.394432e-2	1.189534e-2	1.5861e-2
61.6	1.392085e-2	1.187196e-2	1.583758e-2
61.7	1.389745e-2	1.184863e-2	1.581427e-2
61.8	1.387412e-2	1.182534e-2	1.579105e-2
61.9	1.385087e-2	1.180211e-2	1.576794e-2
62.0	1.38277e-2	1.177893e-2	1.574493e-2
62.1	1.38046e-2	1.175579e-2	1.572201e-2
62.2	1.378158e-2	1.17327e-2	1.569919e-2
62.3	1.375863e-2	1.170966e-2	1.567648e-2
62.4	1.373575e-2	1.168667e-2	1.565385e-2
62.5	1.371295e-2	1.166372e-2	1.563133e-2
62.6	1.369022e-2	1.164082e-2	1.56089e-2
62.7	1.366756e-2	1.161797e-2	1.558657e-2
62.8	1.364498e-2	1.159516e-2	1.556433e-2
62.9	1.362246e-2	1.15724e-2	1.554219e-2
63.0	1.360002e-2	1.154968e-2	1.552014e-2
63.1	1.357765e-2	1.152701e-2	1.549819e-2
63.2	1.355535e-2	1.150439e-2	1.547633e-2
63.3	1.353311e-2	1.148181e-2	1.545456e-2
63.4	1.351095e-2	1.145927e-2	1.543288e-2
63.5	1.348886e-2	1.143678e-2	1.54113e-2
63.6	1.346683e-2	1.141433e-2	1.538981e-2
63.7	1.344488e-2	1.139192e-2	1.536841e-2
63.8	1.342299e-2	1.136956e-2	1.53471e-2
63.9	1.340117e-2	1.134724e-2	1.532587e-2
64.0	1.337941e-2	1.132496e-2	1.530474e-2
64.1	1.335772e-2	1.130273e-2	1.52837e-2
64.2	1.33361e-2	1.128054e-2	1.526275e-2
64.3	1.331455e-2	1.125838e-2	1.524188e-2
64.4	1.329306e-2	1.123627e-2	1.52211e-2
64.5	1.327163e-2	1.12142e-2	1.520041e-2
64.6	1.325027e-2	1.119218e-2	1.51798e-2
64.7	1.322897e-2	1.117019e-2	1.515928e-2
64.8	1.320774e-2	1.114824e-2	1.513885e-2
64.9	1.318657e-2	1.112633e-2	1.51185e-2
65.0	1.316547e-2	1.110446e-2	1.509824e-2
65.1	1.314442e-2	1.108263e-2	1.507806e-2
65.2	1.312344e-2	1.106084e-2	1.505796e-2
65.3	1.310252e-2	1.103909e-2	1.503795e-2
65.4	1.308167e-2	1.101738e-2	1.501801e-2
65.5	1.306087e-2	1.09957e-2	1.499817e-2
65.6	1.304013e-2	1.097407e-2	1.49784e-2
65.7	1.301946e-2	1.095247e-2	1.495871e-2
65.8	1.299885e-2	1.09309e-2	1.493911e-2
65.9	1.297829e-2	1.090938e-2	1.491958e-2
66.0	1.295779e-2	1.088789e-2	1.490014e-2
66.1	1.293736e-2	1.086644e-2	1.488078e-2
66.2	1.291698e-2	1.084502e-2	1.486149e-2
66.3	1.289666e-2	1.082364e-2	1.484228e-2
66.4	1.28764e-2	1.08023e-2	1.482315e-2
66.5	1.285619e-2	1.078099e-2	1.48041e-2
66.6	1.283605e-2	1.075972e-2	1.478513e-2
66.7	1.281596e-2	1.073848e-2	1.476623e-2
66.8	1.279592e-2	1.071727e-2	1.474741e-2
66.9	1.277594e-2	1.06961e-2	1.472866e-2
67.0	1.275602e-2	1.067497e-2	1.470999e-2
67.1	1.273615e-2	1.065387e-2	1.469139e-2
67.2	1.271634e-2	1.06328e-2	1.467287e-2
67.3	1.269658e-2	1.061176e-2	1.465443e-2
67.4	1.267688e-2	1.059076e-2	1.463605e-2
67.5	1.265723e-2	1.056979e-2	1.461775e-2
67.6	1.263764e-2	1.054886e-2	1.459953e-2
67.7	1.261809e-2	1.052795e-2	1.458137e-2
67.8	1.25986e-2	1.050708e-2	1.456329e-2
67.9	1.257917e-2	1.048624e-2	1.454528e-2
68.0	1.255978e-2	1.046543e-2	1.452733e-2
68.1	1.254045e-2	1.044465e-2	1.450946e-2
68.2	1.252117e-2	1.042391e-2	1.449166e-2
68.3	1.250194e-2	1.040319e-2	1.447393e-2
68.4	1.248276e-2	1.038251e-2	1.445627e-2
68.5	1.246363e-2	1.036185e-2	1.443868e-2
68.6	1.244455e-2	1.034123e-2	1.442116e-2
68.7	1.242552e-2	1.032064e-2	1.44037e-2
68.8	1.240654e-2	1.030007e-2	1.438631e-2
68.9	1.238761e-2	1.027954e-2	1.436899e-2
69.0	1.236873e-2	1.025903e-2	1.435174e-2
69.1	1.23499e-2	1.023855e-2	1.433455e-2
69.2	1.233111e-2	1.02181e-2	1.431743e-2
69.3	1.231238e-2	1.019768e-2	1.430037e-2
69.4	1.229369e-2	1.017729e-2	1.428338e-2
69.5	1.227504e-2	1.015693e-2	1.426645e-2
69.6	1.225645e-2	1.013659e-2	1.424959e-2
69.7	1.22379e-2	1.011628e-2	1.423279e-2
69.8	1.22194e-2	1.0096e-2	1.421606e-2
69.9	1.220094e-2	1.007575e-2	1.419939e-2
70.0	1.218253e-2	1.005552e-2	1.418278e-2
70.1	1.216417e-2	1.003532e-2	1.416623e-2
70.2	1.214584e-2	1.001515e-2	1.414975e-2
70.3	1.212757e-2	9.994999e-3	1.413332e-2
70.4	1.210934e-2	9.974877e-3	1.411696e-2
70.5	1.209115e-2	9.954781e-3	1.410066e-2
70.6	1.207301e-2	9.93471e-3	1.408442e-2
70.7	1.20549e-2	9.914665e-3	1.406824e-2
70.8	1.203685e-2	9.894644e-3	1.405212e-2
70.9	1.201883e-2	9.874649e-3	1.403605e-2
71.0	1.200086e-2	9.854678e-3	1.402005e-2
71.1	1.198293e-2	9.834732e-3	1.400411e-2
71.2	1.196504e-2	9.81481e-3	1.398822e-2
71.3	1.19472e-2	9.794912e-3	1.397239e-2
71.4	1.192939e-2	9.775038e-3	1.395662e-2
71.5	1.191163e-2	9.755187e-3	1.39409e-2
71.6	1.189391e-2	9.73536e-3	1.392524e-2
71.7	1.187622e-2	9.715557e-3	1.390964e-2
71.8	1.185858e-2	9.695776e-3	1.389409e-2
71.9	1.184098e-2	9.676018e-3	1.38786e-2
72.0	1.182341e-2	9.656282e-3	1.386316e-2
72.1	1.180589e-2	9.636569e-3	1.384778e-2
72.2	1.178841e-2	9.616878e-3	1.383245e-2
72.3	1.177096e-2	9.59721e-3	1.381718e-2
72.4	1.175355e-2	9.577563e-3	1.380196e-2
72.5	1.173618e-2	9.557937e-3	1.378679e-2
72.6	1.171885e-2	9.538333e-3	1.377168e-2
72.7	1.170156e-2	9.518751e-3	1.375662e-2
72.8	1.16843e-2	9.499189e-3	1.374161e-2
72.9	1.166708e-2	9.479648e-3	1.372665e-2
73.0	1.16499e-2	9.460128e-3	1.371174e-2
73.1	1.163275e-2	9.440628e-3	1.369688e-2
73.2	1.161564e-2	9.421148e-3	1.368208e-2
73.3	1.159856e-2	9.401689e-3	1.366732e-2
73.4	1.158152e-2	9.382249e-3	1.365262e-2
73.5	1.156452e-2	9.362829e-3	1.363796e-2
73.6	1.154755e-2	9.343429e-3	1.362336e-2
73.7	1.153062e-2	9.324048e-3	1.36088e-2
73.8	1.151372e-2	9.304686e-3	1.359429e-2
73.9	1.149685e-2	9.285343e-3	1.357983e-2
74.0	1.148002e-2	9.266019e-3	1.356542e-2
74.1	1.146323e-2	9.246714e-3	1.355106e-2
74.2	1.144646e-2	9.227426e-3	1.353674e-2
74.3	1.142973e-2	9.208158e-3	1.352247e-2
74.4	1.141304e-2	9.188907e-3	1.350824e-2
74.5	1.139637e-2	9.169674e-3	1.349406e-2
74.6	1.137974e-2	9.150459e-3	1.347993e-2
74.7	1.136314e-2	9.131261e-3	1.346585e-2
74.8	1.134657e-2	9.112081e-3	1.34518e-2
74.9	1.133004e-2	9.092918e-3	1.343781e-2
75.0	1.131353e-2	9.073772e-3	1.342386e-2
75.1	1.129706e-2	9.054643e-3	1.340995e-2
75.2	1.128061e-2	9.03553e-3	1.339608e-2
75.3	1.12642e-2	9.016434e-3	1.338226e-2
75.4	1.124782e-2	8.997355e-3	1.336849e-2
75.5	1.123147e-2	8.978292e-3	1.335475e-2
75.6	1.121515e-2	8.959244e-3	1.334106e-2
75.7	1.119886e-2	8.940213e-3	1.332741e-2
75.8	1.11826e-2	8.921197e-3	1.331381e-2
75.9	1.116636e-2	8.902197e-3	1.330024e-2
76.0	1.115016e-2	8.883212e-3	1.328672e-2
76.1	1.113399e-2	8.864242e-3	1.327323e-2
76.2	1.111784e-2	8.845288e-3	1.325979e-2
76.3	1.110172e-2	8.826348e-3	1.324639e-2
76.4	1.108563e-2	8.807423e-3	1.323303e-2
76.5	1.106957e-2	8.788513e-3	1.321971e-2
76.6	1.105353e-2	8.769617e-3	1.320642e-2
76.7	1.103753e-2	8.750736e-3	1.319318e-2
76.8	1.102155e-2	8.731868e-3	1.317998e-2
76.9	1.10056e-2	8.713015e-3	1.316681e-2
77.0	1.098967e-2	8.694175e-3	1.315368e-2
77.1	1.097377e-2	8.675349e-3	1.314059e-2
77.2	1.09579e-2	8.656537e-3	1.312754e-2
77.3	1.094205e-2	8.637738e-3	1.311453e-2
77.4	1.092623e-2	8.618952e-3	1.310155e-2
77.5	1.091043e-2	8.60018e-3	1.308861e-2
77.6	1.089466e-2	8.58142e-3	1.307571e-2
77.7	1.087892e-2	8.562673e-3	1.306284e-2
77.8	1.08632e-2	8.543939e-3	1.305001e-2
77.9	1.08475e-2	8.525217e-3	1.303722e-2
78.0	1.083183e-2	8.506508e-3	1.302446e-2
78.1	1.081618e-2	8.487811e-3	1.301173e-2
78.2	1.080056e-2	8.469126e-3	1.299904e-2
78.3	1.078496e-2	8.450453e-3	1.298639e-2
78.4	1.076938e-2	8.431791e-3	1.297377e-2
78.5	1.075383e-2	8.413142e-3	1.296118e-2
78.6	1.07383e-2	8.394504e-3	1.294863e-2
78.7	1.07228e-2	8.375878e-3	1.293611e-2
78.8	1.070732e-2	8.357262e-3	1.292362e-2
78.9	1.069186e-2	8.338658e-3	1.291117e-2
79.0	1.067642e-2	8.320065e-3	1.289875e-2
79.1	1.0661e-2	8.301483e-3	1.288636e-2
79.2	1.064561e-2	8.282912e-3	1.287401e-2
79.3	1.063024e-2	8.264351e-3	1.286169e-2
79.4	1.061489e-2	8.245801e-3	1.284939e-2
79.5	1.059956e-2	8.227261e-3	1.283713e-2
79.6	1.058426e-2	8.208732e-3	1.28249e-2
79.7	1.056897e-2	8.190212e-3	1.281271e-2
79.8	1.05537e-2	8.171703e-3	1.280054e-2
79.9	1.053846e-2	8.153203e-3	1.27884e-2
80.0	1.052324e-2	8.134714e-3	1.277629e-2
80.1	1.050803e-2	8.116234e-3	1.276422e-2
80.2	1.049285e-2	8.097763e-3	1.275217e-2
80.3	1.047769e-2	8.079302e-3	1.274015e-2
80.4	1.046254e-2	8.06085e-3	1.272816e-2
80.5	1.044742e-2	8.042407e-3	1.27162e-2
80.6	1.043232e-2	8.023974e-3	1.270427e-2
80.7	1.041723e-2	8.005549e-3	1.269237e-2
80.8	1.040216e-2	7.987133e-3	1.268049e-2
80.9	1.038712e-2	7.968726e-3	1.266864e-2
81.0	1.037209e-2	7.950328e-3	1.265682e-2
81.1	1.035708e-2	7.931938e-3	1.264503e-2
81.2	1.034209e-2	7.913556e-3	1.263327e-2
81.3	1.032711e-2	7.895183e-3	1.262153e-2
81.4	1.031216e-2	7.876818e-3	1.260982e-2
81.5	1.029722e-2	7.85846e-3	1.259813e-2
81.6	1.02823e-2	7.840111e-3	1.258648e-2
81.7	1.02674e-2	7.82177e-3	1.257484e-2
81.8	1.025251e-2	7.803436e-3	1.256324e-2
81.9	1.023764e-2	7.78511e-3	1.255166e-2
82.0	1.022279e-2	7.766792e-3	1.25401e-2
82.1	1.020796e-2	7.748481e-3	1.252857e-2
82.2	1.019314e-2	7.730177e-3	1.251707e-2
82.3	1.017834e-2	7.711881e-3	1.250559e-2
82.4	1.016355e-2	7.693592e-3	1.249413e-2
82.5	1.014878e-2	7.675309e-3	1.24827e-2
82.6	1.013403e-2	7.657034e-3	1.247129e-2
82.7	1.011929e-2	7.638765e-3	1.245991e-2
82.8	1.010457e-2	7.620504e-3	1.244855e-2
82.9	1.008987e-2	7.602248e-3	1.243721e-2
83.0	1.007518e-2	7.584e-3	1.24259e-2
83.1	1.00605e-2	7.565758e-3	1.241461e-2
83.2	1.004584e-2	7.547522e-3	1.240334e-2
83.3	1.00312e-2	7.529292e-3	1.23921e-2
83.4	1.001657e-2	7.511069e-3	1.238087e-2
83.5	1.000195e-2	7.492852e-3	1.236967e-2
83.6	9.98735e-3	7.474641e-3	1.23585e-2
83.7	9.972764e-3	7.456435e-3	1.234734e-2
83.8	9.958191e-3	7.438236e-3	1.233621e-2
83.9	9.943633e-3	7.420042e-3	1.232509e-2
84.0	9.929089e-3	7.401854e-3	1.2314e-2
84.1	9.914558e-3	7.383672e-3	1.230293e-2
84.2	9.900041e-3	7.365495e-3	1.229188e-2
84.3	9.885537e-3	7.347323e-3	1.228085e-2
84.4	9.871047e-3	7.329157e-3	1.226984e-2
84.5	9.85657e-3	7.310996e-3	1.225885e-2
84.6	9.842107e-3	7.29284e-3	1.224788e-2
84.7	9.827656e-3	7.274689e-3	1.223694e-2
84.8	9.813218e-3	7.256543e-3	1.222601e-2
84.9	9.798793e-3	7.238402e-3	1.22151e-2
85.0	9.78438e-3	7.220266e-3	1.220421e-2
85.1	9.76998e-3	7.202135e-3	1.219334e-2
85.2	9.755592e-3	7.184009e-3	1.218248e-2
85.3	9.741216e-3	7.165887e-3	1.217165e-2
85.4	9.726853e-3	7.147769e-3	1.216084e-2
85.5	9.712501e-3	7.129656e-3	1.215004e-2
85.6	9.698161e-3	7.111548e-3	1.213926e-2
85.7	9.683833e-3	7.093444e-3	1.212851e-2
85.8	9.669516e-3	7.075344e-3	1.211776e-2
85.9	9.655211e-3	7.057248e-3	1.210704e-2
86.0	9.640917e-3	7.039157e-3	1.209633e-2
86.1	9.626635e-3	7.021069e-3	1.208565e-2
86.2	9.612363e-3	7.002986e-3	1.207498e-2
86.3	9.598103e-3	6.984906e-3	1.206432e-2
86.4	9.583853e-3	6.966831e-3	1.205368e-2
86.5	9.569614e-3	6.948759e-3	1.204306e-2
86.6	9.555386e-3	6.93069e-3	1.203246e-2
86.7	9.541168e-3	6.912626e-3	1.202187e-2
86.8	9.526961e-3	6.894565e-3	1.20113e-2
86.9	9.512764e-3	6.876508e-3	1.200075e-2
87.0	9.498577e-3	6.858454e-3	1.199021e-2
87.1	9.484401e-3	6.840404e-3	1.197969e-2
87.2	9.470234e-3	6.822357e-3	1.196918e-2
87.3	9.456077e-3	6.804313e-3	1.195869e-2
87.4	9.44193e-3	6.786273e-3	1.194822e-2
87.5	9.427793e-3	6.768236e-3	1.193776e-2
87.6	9.413665e-3	6.750202e-3	1.192731e-2
87.7	9.399547e-3	6.732171e-3	1.191688e-2
87.8	9.385438e-3	6.714143e-3	1.190647e-2
87.9	9.371339e-3	6.696118e-3	1.189607e-2
88.0	9.357248e-3	6.678096e-3	1.188568e-2
88.1	9.343167e-3	6.660077e-3	1.187531e-2
88.2	9.329095e-3	6.642061e-3	1.186495e-2
88.3	9.315032e-3	6.624047e-3	1.185461e-2
88.4	9.300977e-3	6.606037e-3	1.184428e-2
88.5	9.286931e-3	6.588029e-3	1.183396e-2
88.6	9.272894e-3	6.570024e-3	1.182366e-2
88.7	9.258866e-3	6.552021e-3	1.181338e-2
88.8	9.244845e-3	6.534021e-3	1.18031e-2
88.9	9.230834e-3	6.516023e-3	1.179284e-2
89.0	9.21683e-3	6.498028e-3	1.17826e-2
89.1	9.202835e-3	6.480035e-3	1.177236e-2
89.2	9.188848e-3	6.462045e-3	1.176214e-2
89.3	9.174869e-3	6.444057e-3	1.175193e-2
89.4	9.160897e-3	6.426072e-3	1.174174e-2
89.5	9.146934e-3	6.408088e-3	1.173156e-2
89.6	9.132979e-3	6.390107e-3	1.172139e-2
89.7	9.119031e-3	6.372128e-3	1.171123e-2
89.8	9.105091e-3	6.354152e-3	1.170108e-2
89.9	9.091158e-3	6.336177e-3	1.169095e-2
90.0	9.077233e-3	6.318204e-3	1.168083e-2
90.1	9.063315e-3	6.300234e-3	1.167072e-2
90.2	9.049405e-3	6.282265e-3	1.166062e-2
90.3	9.035502e-3	6.264299e-3	1.165054e-2
90.4	9.021606e-3	6.246335e-3	1.164047e-2
90.5	9.007717e-3	6.228372e-3	1.16304e-2
90.6	8.993835e-3	6.210411e-3	1.162035e-2
90.7	8.979961e-3	6.192452e-3	1.161032e-2
90.8	8.966093e-3	6.174496e-3	1.160029e-2
90.9	8.952232e-3	6.15654e-3	1.159027e-2
91.0	8.938378e-3	6.138587e-3	1.158027e-2
91.1	8.92453e-3	6.120635e-3	1.157027e-2
91.2	8.91069e-3	6.102685e-3	1.156029e-2
91.3	8.896855e-3	6.084737e-3	1.155032e-2
91.4	8.883028e-3	6.066791e-3	1.154035e-2
91.5	8.869207e-3	6.048846e-3	1.15304e-2
91.6	8.855392e-3	6.030903e-3	1.152046e-2
91.7	8.841584e-3	6.012961e-3	1.151053e-2
91.8	8.827782e-3	5.995021e-3	1.150061e-2
91.9	8.813986e-3	5.977083e-3	1.14907e-2
92.0	8.800196e-3	5.959146e-3	1.14808e-2
92.1	8.786413e-3	5.941211e-3	1.147091e-2
92.2	8.772636e-3	5.923277e-3	1.146103e-2
92.3	8.758864e-3	5.905345e-3	1.145116e-2
92.4	8.745099e-3	5.887414e-3	1.14413e-2
92.5	8.73134e-3	5.869484e-3	1.143145e-2
92.6	8.717586e-3	5.851556e-3	1.142161e-2
92.7	8.703839e-3	5.83363e-3	1.141178e-2
92.8	8.690097e-3	5.815705e-3	1.140196e-2
92.9	8.676361e-3	5.797781e-3	1.139215e-2
93.0	8.662631e-3	5.779859e-3	1.138234e-2
93.1	8.648906e-3	5.761938e-3	1.137255e-2
93.2	8.635187e-3	5.744019e-3	1.136276e-2
93.3	8.621474e-3	5.726101e-3	1.135299e-2
93.4	8.607766e-3	5.708184e-3	1.134322e-2
93.5	8.594064e-3	5.690269e-3	1.133347e-2
93.6	8.580367e-3	5.672355e-3	1.132372e-2
93.7	8.566675e-3	5.654442e-3	1.131398e-2
93.8	8.552989e-3	5.636531e-3	1.130425e-2
93.9	8.539309e-3	5.618621e-3	1.129453e-2
94.0	8.525633e-3	5.600712e-3	1.128481e-2
94.1	8.511963e-3	5.582805e-3	1.127511e-2
94.2	8.498298e-3	5.564899e-3	1.126541e-2
94.3	8.484639e-3	5.546994e-3	1.125573e-2
94.4	8.470984e-3	5.529091e-3	1.124605e-2
94.5	8.457335e-3	5.511189e-3	1.123638e-2
94.6	8.443691e-3	5.493288e-3	1.122672e-2
94.7	8.430052e-3	5.475389e-3	1.121706e-2
94.8	8.416418e-3	5.457491e-3	1.120742e-2
94.9	8.40279e-3	5.439594e-3	1.119778e-2
95.0	8.389166e-3	5.421698e-3	1.118815e-2
95.1	8.375547e-3	5.403804e-3	1.117853e-2
95.2	8.361933e-3	5.385912e-3	1.116892e-2
95.3	8.348325e-3	5.36802e-3	1.115931e-2
95.4	8.334721e-3	5.35013e-3	1.114972e-2
95.5	8.321122e-3	5.332241e-3	1.114013e-2
95.6	8.307528e-3	5.314354e-3	1.113055e-2
95.7	8.293939e-3	5.296468e-3	1.112097e-2
95.8	8.280355e-3	5.278583e-3	1.111141e-2
95.9	8.266776e-3	5.2607e-3	1.110185e-2
96.0	8.253201e-3	5.242818e-3	1.10923e-2
96.1	8.239632e-3	5.224938e-3	1.108276e-2
96.2	8.226067e-3	5.207059e-3	1.107322e-2
96.3	8.212507e-3	5.189181e-3	1.10637e-2
96.4	8.198952e-3	5.171305e-3	1.105418e-2
96.5	8.185401e-3	5.153431e-3	1.104467e-2
96.6	8.171855e-3	5.135557e-3	1.103516e-2
96.7	8.158315e-3	5.117686e-3	1.102567e-2
96.8	8.144779e-3	5.099816e-3	1.101618e-2
96.9	8.131247e-3	5.081947e-3	1.100669e-2
97.0	8.117721e-3	5.06408e-3	1.099722e-2
97.1	8.104199e-3	5.046214e-3	1.098775e-2
97.2	8.090682e-3	5.02835e-3	1.097829e-2
97.3	8.077169e-3	5.010488e-3	1.096884e-2
97.4	8.063662e-3	4.992627e-3	1.09594e-2
97.5	8.050159e-3	4.974768e-3	1.094996e-2
97.6	8.036661e-3	4.956911e-3	1.094053e-2
97.7	8.023167e-3	4.939055e-3	1.093111e-2
97.8	8.009678e-3	4.921201e-3	1.092169e-2
97.9	7.996195e-3	4.903349e-3	1.091228e-2
98.0	7.982715e-3	4.885498e-3	1.090288e-2
98.1	7.969241e-3	4.867649e-3	1.089349e-2
98.2	7.955771e-3	4.849802e-3	1.08841e-2
98.3	7.942306e-3	4.831957e-3	1.087472e-2
98.4	7.928846e-3	4.814114e-3	1.086535e-2
98.5	7.915391e-3	4.796273e-3	1.085598e-2
98.6	7.90194e-3	4.778433e-3	1.084663e-2
98.7	7.888494e-3	4.760596e-3	1.083728e-2
98.8	7.875053e-3	4.74276e-3	1.082793e-2
98.9	7.861617e-3	4.724927e-3	1.08186e-2
99.0	7.848186e-3	4.707095e-3	1.080927e-2
99.1	7.834759e-3	4.689266e-3	1.079994e-2
99.2	7.821338e-3	4.671439e-3	1.079063e-2
99.3	7.807921e-3	4.653613e-3	1.078132e-2
99.4	7.794509e-3	4.63579e-3	1.077202e-2
99.5	7.781102e-3	4.61797e-3	1.076273e-2
99.6	7.7677e-3	4.600151e-3	1.075344e-2
99.7	7.754303e-3	4.582335e-3	1.074416e-2
99.8	7.74091e-3	4.564521e-3	1.073489e-2
99.9	7.727523e-3	4.546709e-3	1.072563e-2
100.0	7.714141e-3	4.5289e-3	1.071637e-2
