5.0	8.402579e-2	8.116374e-2	8.624696e-2
5.1	8.355229e-2	8.083546e-2	8.566364e-2
5.2	8.308238e-2	8.050925e-2	8.508475e-2
5.3	8.2616e-2	8.01851e-2	8.451022e-2
5.4	8.21531e-2	7.986295e-2	8.393999e-2
5.5	8.169362e-2	7.954279e-2	8.3374e-2
5.6	8.123752e-2	7.922458e-2	8.28122e-2
5.7	8.078474e-2	7.890829e-2	8.225452e-2
5.8	8.033523e-2	7.859389e-2	8.170091e-2
5.9	7.988895e-2	7.828136e-2	8.115131e-2
6.0	7.944585e-2	7.797067e-2	8.060567e-2
6.1	7.900588e-2	7.766179e-2	8.006393e-2
6.2	7.8569e-2	7.735469e-2	7.952604e-2
6.3	7.813517e-2	7.704936e-2	7.899196e-2
6.4	7.770433e-2	7.674576e-2	7.846163e-2
6.5	7.727646e-2	7.644387e-2	7.793501e-2
6.6	7.685151e-2	7.614367e-2	7.741203e-2
6.7	7.642944e-2	7.584513e-2	7.689267e-2
6.8	7.601021e-2	7.554824e-2	7.637687e-2
6.9	7.559378e-2	7.525296e-2	7.586459e-2
7.0	7.518012e-2	7.495929e-2	7.535578e-2
7.1	7.476919e-2	7.466719e-2	7.485041e-2
7.2	7.436094e-2	7.434842e-2	7.437665e-2
7.3	7.395536e-2	7.384978e-2	7.408765e-2
7.4	7.35524e-2	7.335445e-2	7.380017e-2
7.5	7.315203e-2	7.286238e-2	7.351419e-2
7.6	7.275422e-2	7.237354e-2	7.322968e-2
7.7	7.235893e-2	7.188789e-2	7.294664e-2
7.8	7.196614e-2	7.140539e-2	7.266505e-2
7.9	7.157581e-2	7.092601e-2	7.238488e-2
8.0	7.118791e-2	7.044971e-2	7.210612e-2
8.1	7.080242e-2	6.997645e-2	7.182876e-2
8.2	7.04193e-2	6.95062e-2	7.155278e-2
8.3	7.003853e-2	6.903893e-2	7.127815e-2
8.4	6.966007e-2	6.85746e-2	7.100488e-2
8.5	6.928391e-2	6.811317e-2	7.073293e-2
8.6	6.891e-2	6.765463e-2	7.04623e-2
8.7	6.853834e-2	6.719893e-2	7.019297e-2
8.8	6.816889e-2	6.674604e-2	6.992493e-2
8.9	6.780163e-2	6.629594e-2	6.965817e-2
9.0	6.743653e-2	6.58486e-2	6.939266e-2
9.1	6.707356e-2	6.540398e-2	6.91284e-2
9.2	6.671272e-2	6.496206e-2	6.886537e-2
9.3	6.635396e-2	6.45228e-2	6.860357e-2
9.4	6.599727e-2	6.408619e-2	6.834297e-2
9.5	6.564263e-2	6.365219e-2	6.808357e-2
9.6	6.529001e-2	6.322077e-2	6.782535e-2
9.7	6.49394e-2	6.279192e-2	6.756831e-2
9.8	6.459077e-2	6.23656e-2	6.731242e-2
9.9	6.42441e-2	6.19418e-2	6.705769e-2
10.0	6.389937e-2	6.152048e-2	6.680409e-2
10.1	6.355656e-2	6.110161e-2	6.655162e-2
10.2	6.321565e-2	6.068519e-2	6.630027e-2
10.3	6.287662e-2	6.027118e-2	6.605002e-2
10.4	6.253946e-2	5.985956e-2	6.580087e-2
10.5	6.220414e-2	5.94503e-2	6.555281e-2
10.6	6.187065e-2	5.904339e-2	6.530582e-2
10.7	6.153897e-2	5.86388e-2	6.505989e-2
10.8	6.120908e-2	5.823652e-2	6.481503e-2
10.9	6.088096e-2	5.783651e-2	6.457121e-2
11.0	6.05546e-2	5.743877e-2	6.432843e-2
11.1	6.022998e-2	5.704326e-2	6.408668e-2
11.2	5.990708e-2	5.664997e-2	6.384595e-2
11.3	5.95859e-2	5.625888e-2	6.360624e-2
11.4	5.92664e-2	5.586997e-2	6.336752e-2
11.5	5.894858e-2	5.548323e-2	6.312981e-2
11.6	5.863243e-2	5.509862e-2	6.289308e-2
11.7	5.831792e-2	5.471613e-2	6.265732e-2
11.8	5.800504e-2	5.433575e-2	6.242255e-2
11.9	5.769378e-2	5.395746e-2	6.218873e-2
12.0	5.738412e-2	5.358123e-2	6.195587e-2
12.1	5.707606e-2	5.320706e-2	6.172396e-2
12.2	5.676956e-2	5.283492e-2	6.149299e-2
12.3	5.646464e-2	5.24648e-2	6.126295e-2
12.4	5.616126e-2	5.209668e-2	6.103384e-2
12.5	5.585941e-2	5.173054e-2	6.080565e-2
12.6	5.555909e-2	5.136637e-2	6.057838e-2
12.7	5.526029e-2	5.100416e-2	6.035201e-2
12.8	5.496297e-2	5.064388e-2	6.012654e-2
12.9	5.466715e-2	5.028553e-2	5.990196e-2
13.0	5.43728e-2	4.992908e-2	5.967827e-2
13.1	5.407991e-2	4.957453e-2	5.945547e-2
13.2	5.378847e-2	4.922185e-2	5.923353e-2
13.3	5.349848e-2	4.887104e-2	5.901247e-2
13.4	5.320991e-2	4.852208e-2	5.879227e-2
13.5	5.292275e-2	4.817495e-2	5.857292e-2
13.6	5.263701e-2	4.782964e-2	5.835443e-2
13.7	5.235266e-2	4.748614e-2	5.813678e-2
13.8	5.206969e-2	4.714444e-2	5.791997e-2
13.9	5.17881e-2	4.680452e-2	5.7704e-2
14.0	5.150787e-2	4.646636e-2	5.748885e-2
14.1	5.122899e-2	4.612997e-2	5.727453e-2
14.2	5.095147e-2	4.579531e-2	5.706103e-2
14.3	5.067527e-2	4.546239e-2	5.684834e-2
14.4	5.04004e-2	4.513119e-2	5.663646e-2
14.5	5.012685e-2	4.480169e-2	5.642538e-2
14.6	4.98546e-2	4.447389e-2	5.62151e-2
14.7	4.958365e-2	4.414778e-2	5.600561e-2
14.8	4.931398e-2	4.382333e-2	5.579692e-2
14.9	4.90456e-2	4.350055e-2	5.5589e-2
15.0	4.877848e-2	4.317941e-2	5.538187e-2
15.1	4.851263e-2	4.285992e-2	5.517551e-2
15.2	4.824803e-2	4.254205e-2	5.496992e-2
15.3	4.798467e-2	4.22258e-2	5.47651e-2
15.4	4.772256e-2	4.191115e-2	5.456104e-2
15.5	4.746167e-2	4.159811e-2	5.435774e-2
15.6	4.720199e-2	4.128664e-2	5.415519e-2
15.7	4.694354e-2	4.097676e-2	5.395339e-2
15.8	4.668628e-2	4.066844e-2	5.375234e-2
15.9	4.643023e-2	4.036167e-2	5.355202e-2
16.0	4.617536e-2	4.005645e-2	5.335244e-2
16.1	4.592167e-2	3.975277e-2	5.31536e-2
16.2	4.566916e-2	3.945062e-2	5.295548e-2
16.3	4.541781e-2	3.914998e-2	5.275809e-2
16.4	4.516763e-2	3.885085e-2	5.256143e-2
16.5	4.49186e-2	3.855322e-2	5.236548e-2
16.6	4.467071e-2	3.825709e-2	5.217024e-2
16.7	4.442396e-2	3.796243e-2	5.197572e-2
16.8	4.417835e-2	3.766925e-2	5.17819e-2
16.9	4.393385e-2	3.737753e-2	5.158878e-2
17.0	4.369048e-2	3.708727e-2	5.139637e-2
17.1	4.344822e-2	3.679845e-2	5.120465e-2
17.2	4.320707e-2	3.651108e-2	5.101363e-2
17.3	4.296702e-2	3.622513e-2	5.082329e-2
17.4	4.272805e-2	3.594061e-2	5.063365e-2
17.5	4.249018e-2	3.565751e-2	5.044468e-2
17.6	4.225339e-2	3.537581e-2	5.02564e-2
17.7	4.201767e-2	3.509551e-2	5.006879e-2
17.8	4.178302e-2	3.48166e-2	4.988186e-2
17.9	4.154943e-2	3.453908e-2	4.96956e-2
18.0	4.13169e-2	3.426293e-2	4.951001e-2
18.1	4.108543e-2	3.398816e-2	4.932508e-2
18.2	4.0855e-2	3.371474e-2	4.914081e-2
18.3	4.06256e-2	3.344268e-2	4.895721e-2
18.4	4.039725e-2	3.317197e-2	4.877426e-2
18.5	4.016992e-2	3.29026e-2	4.859196e-2
18.6	3.994362e-2	3.263456e-2	4.841031e-2
18.7	3.971833e-2	3.236785e-2	4.822931e-2
18.8	3.949406e-2	3.210246e-2	4.804896e-2
18.9	3.92708e-2	3.183838e-2	4.786925e-2
19.0	3.904854e-2	3.157561e-2	4.769018e-2
19.1	3.882727e-2	3.131414e-2	4.751174e-2
19.2	3.860701e-2	3.105396e-2	4.733394e-2
19.3	3.838772e-2	3.079507e-2	4.715677e-2
19.4	3.816943e-2	3.053746e-2	4.698023e-2
19.5	3.795211e-2	3.028113e-2	4.680432e-2
19.6	3.773576e-2	3.002606e-2	4.662903e-2
19.7	3.752038e-2	2.977226e-2	4.645436e-2
19.8	3.730597e-2	2.951971e-2	4.628031e-2
19.9	3.709252e-2	2.926841e-2	4.610688e-2
20.0	3.688002e-2	2.901836e-2	4.593406e-2
20.1	3.666847e-2	2.876954e-2	4.576186e-2
20.2	3.645787e-2	2.852196e-2	4.559026e-2
20.3	3.624821e-2	2.827561e-2	4.541927e-2
20.4	3.603949e-2	2.803047e-2	4.524889e-2
20.5	3.58317e-2	2.778655e-2	4.507911e-2
20.6	3.562483e-2	2.754384e-2	4.490993e-2
20.7	3.54189e-2	2.730234e-2	4.474135e-2
20.8	3.521388e-2	2.706203e-2	4.457336e-2
20.9	3.500978e-2	2.682292e-2	4.440597e-2
21.0	3.480659e-2	2.658499e-2	4.423917e-2
21.1	3.460431e-2	2.634825e-2	4.407296e-2
21.2	3.440294e-2	2.611269e-2	4.390734e-2
21.3	3.420246e-2	2.58783e-2	4.37423e-2
21.4	3.400288e-2	2.564508e-2	4.357784e-2
21.5	3.38042e-2	2.541301e-2	4.341397e-2
21.6	3.36064e-2	2.518211e-2	4.325068e-2
21.7	3.340949e-2	2.495236e-2	4.308796e-2
21.8	3.321345e-2	2.472376e-2	4.292582e-2
21.9	3.30183e-2	2.449629e-2	4.276425e-2
22.0	3.282402e-2	2.426997e-2	4.260326e-2
22.1	3.26306e-2	2.404478e-2	4.244283e-2
22.2	3.243806e-2	2.382072e-2	4.228297e-2
22.3	3.224638e-2	2.359778e-2	4.212367e-2
22.4	3.205555e-2	2.337596e-2	4.196494e-2
22.5	3.186559e-2	2.315525e-2	4.180678e-2
22.6	3.167647e-2	2.293566e-2	4.164917e-2
22.7	3.14882e-2	2.271717e-2	4.149212e-2
22.8	3.130078e-2	2.249978e-2	4.133562e-2
22.9	3.11142e-2	2.228348e-2	4.117968e-2
23.0	3.092846e-2	2.206828e-2	4.102429e-2
23.1	3.074356e-2	2.185417e-2	4.086946e-2
23.2	3.055948e-2	2.164114e-2	4.071517e-2
23.3	3.037624e-2	2.142918e-2	4.056143e-2
23.4	3.019382e-2	2.121831e-2	4.040824e-2
23.5	3.001222e-2	2.10085e-2	4.025558e-2
23.6	2.983145e-2	2.079976e-2	4.010348e-2
23.7	2.965149e-2	2.059208e-2	3.995191e-2
23.8	2.947234e-2	2.038546e-2	3.980088e-2
23.9	2.9294e-2	2.017989e-2	3.965039e-2
24.0	2.911647e-2	1.997537e-2	3.950043e-2
24.1	2.893974e-2	1.97719e-2	3.935101e-2
24.2	2.876381e-2	1.956947e-2	3.920212e-2
24.3	2.858868e-2	1.936808e-2	3.905376e-2
24.4	2.841435e-2	1.916772e-2	3.890593e-2
24.5	2.824081e-2	1.896839e-2	3.875863e-2
24.6	2.806805e-2	1.877009e-2	3.861185e-2
24.7	2.789609e-2	1.857281e-2	3.84656e-2
24.8	2.77249e-2	1.837655e-2	3.831987e-2
24.9	2.75545e-2	1.818131e-2	3.817466e-2
25.0	2.738487e-2	1.798707e-2	3.802997e-2
25.1	2.721602e-2	1.779385e-2	3.78858e-2
25.2	2.704794e-2	1.760163e-2	3.774215e-2
25.3	2.688063e-2	1.74104e-2	3.759901e-2
25.4	2.671409e-2	1.722018e-2	3.745638e-2
25.5	2.654831e-2	1.703094e-2	3.731427e-2
25.6	2.638329e-2	1.68427e-2	3.717267e-2
25.7	2.621903e-2	1.665544e-2	3.703158e-2
25.8	2.605553e-2	1.646916e-2	3.689099e-2
25.9	2.589277e-2	1.628387e-2	3.675091e-2
26.0	2.573077e-2	1.609955e-2	3.661134e-2
26.1	2.556952e-2	1.59162e-2	3.647227e-2
26.2	2.540901e-2	1.573381e-2	3.63337e-2
26.3	2.524925e-2	1.55524e-2	3.619563e-2
26.4	2.509023e-2	1.537194e-2	3.605806e-2
26.5	2.493194e-2	1.519245e-2	3.592099e-2
26.6	2.477439e-2	1.50139e-2	3.578441e-2
26.7	2.461757e-2	1.483631e-2	3.564833e-2
26.8	2.446148e-2	1.465967e-2	3.551275e-2
26.9	2.430612e-2	1.448398e-2	3.537765e-2
27.0	2.415148e-2	1.430922e-2	3.524305e-2
27.1	2.399757e-2	1.41354e-2	3.510894e-2
27.2	2.384438e-2	1.396252e-2	3.497531e-2
27.3	2.369191e-2	1.379057e-2	3.484217e-2
27.4	2.354015e-2	1.361955e-2	3.470952e-2
27.5	2.33891e-2	1.344946e-2	3.457735e-2
27.6	2.323877e-2	1.328029e-2	3.444567e-2
27.7	2.308914e-2	1.311203e-2	3.431446e-2
27.8	2.294023e-2	1.29447e-2	3.418374e-2
27.9	2.279201e-2	1.277828e-2	3.405349e-2
28.0	2.26445e-2	1.261276e-2	3.392373e-2
28.1	2.249769e-2	1.244816e-2	3.379444e-2
28.2	2.235157e-2	1.228446e-2	3.366562e-2
28.3	2.220615e-2	1.212166e-2	3.353728e-2
28.4	2.206142e-2	1.195976e-2	3.340941e-2
28.5	2.191738e-2	1.179875e-2	3.328202e-2
28.6	2.177403e-2	1.163864e-2	3.315509e-2
28.7	2.163137e-2	1.147941e-2	3.302863e-2
28.8	2.148939e-2	1.132108e-2	3.290264e-2
28.9	2.134809e-2	1.116362e-2	3.277712e-2
29.0	2.120747e-2	1.100705e-2	3.265206e-2
29.1	2.106753e-2	1.085135e-2	3.252746e-2
29.2	2.092826e-2	1.069653e-2	3.240333e-2
29.3	2.078967e-2	1.054258e-2	3.227966e-2
29.4	2.065175e-2	1.03895e-2	3.215645e-2
29.5	2.05145e-2	1.023728e-2	3.203369e-2
29.6	2.037791e-2	1.008593e-2	3.19114e-2
29.7	2.024199e-2	9.93544e-3	3.178956e-2
29.8	2.010673e-2	9.785806e-3	3.166818e-2
29.9	1.997213e-2	9.637028e-3	3.154725e-2
30.0	1.983819e-2	9.489102e-3	3.142678e-2
30.1	1.97049e-2	9.342025e-3	3.130676e-2
30.2	1.957227e-2	9.195795e-3	3.118719e-2
30.3	1.944029e-2	9.050409e-3	3.106806e-2
30.4	1.930897e-2	8.905864e-3	3.094939e-2
30.5	1.917829e-2	8.762158e-3	3.083116e-2
30.6	1.904825e-2	8.619287e-3	3.071338e-2
30.7	1.891886e-2	8.47725e-3	3.059605e-2
30.8	1.879012e-2	8.336043e-3	3.047915e-2
30.9	1.866201e-2	8.195663e-3	3.03627e-2
31.0	1.853454e-2	8.056109e-3	3.02467e-2
31.1	1.840771e-2	7.917377e-3	3.013113e-2
31.2	1.828151e-2	7.779465e-3	3.0016e-2
31.3	1.815595e-2	7.642371e-3	2.990131e-2
31.4	1.803101e-2	7.50609e-3	2.978705e-2
31.5	1.79067e-2	7.370622e-3	2.967324e-2
31.6	1.778302e-2	7.235963e-3	2.955985e-2
31.7	1.765997e-2	7.102111e-3	2.94469e-2
31.8	1.753753e-2	6.969063e-3	2.933438e-2
31.9	1.741572e-2	6.836817e-3	2.92223e-2
32.0	1.729453e-2	6.705369e-3	2.911064e-2
32.1	1.717395e-2	6.574718e-3	2.899941e-2
32.2	1.705399e-2	6.444862e-3	2.888861e-2
32.3	1.693464e-2	6.315796e-3	2.877824e-2
32.4	1.68159e-2	6.187519e-3	2.866829e-2
32.5	1.669778e-2	6.060029e-3	2.855877e-2
32.6	1.658026e-2	5.933323e-3	2.844967e-2
32.7	1.646334e-2	5.807398e-3	2.834099e-2
32.8	1.634703e-2	5.682252e-3	2.823274e-2
32.9	1.623132e-2	5.557882e-3	2.81249e-2
33.0	1.611622e-2	5.434286e-3	2.801749e-2
33.1	1.600171e-2	5.311462e-3	2.791049e-2
33.2	1.588779e-2	5.189406e-3	2.780391e-2
33.3	1.577448e-2	5.068117e-3	2.769774e-2
33.4	1.566175e-2	4.947592e-3	2.759199e-2
33.5	1.554962e-2	4.827829e-3	2.748665e-2
33.6	1.543807e-2	4.708825e-3	2.738173e-2
33.7	1.532712e-2	4.590578e-3	2.727722e-2
33.8	1.521674e-2	4.473085e-3	2.717311e-2
33.9	1.510696e-2	4.356343e-3	2.706942e-2
34.0	1.499775e-2	4.240352e-3	2.696613e-2
34.1	1.488913e-2	4.125107e-3	2.686326e-2
34.2	1.478108e-2	4.010608e-3	2.676078e-2
34.3	1.467361e-2	3.89685e-3	2.665872e-2
34.4	1.456672e-2	3.783832e-3	2.655706e-2
34.5	1.446039e-2	3.671552e-3	2.64558e-2
34.6	1.435464e-2	3.560008e-3	2.635494e-2
34.7	1.424947e-2	3.449196e-3	2.625448e-2
34.8	1.414485e-2	3.339114e-3	2.615442e-2
34.9	1.404081e-2	3.229761e-3	2.605476e-2
35.0	1.393733e-2	3.121133e-3	2.59555e-2
35.1	1.383441e-2	3.013229e-3	2.585664e-2
35.2	1.373205e-2	2.906046e-3	2.575817e-2
35.3	1.363026e-2	2.799581e-3	2.56601e-2
35.4	1.352902e-2	2.693833e-3	2.556242e-2
35.5	1.342833e-2	2.588799e-3	2.546513e-2
35.6	1.33282e-2	2.484477e-3	2.536823e-2
35.7	1.322863e-2	2.380864e-3	2.527172e-2
35.8	1.31296e-2	2.277959e-3	2.517561e-2
35.9	1.303112e-2	2.175758e-3	2.507988e-2
36.0	1.293319e-2	2.07426e-3	2.498454e-2
36.1	1.283581e-2	1.973462e-3	2.488958e-2
36.2	1.273897e-2	1.873362e-3	2.479501e-2
36.3	1.264267e-2	1.773958e-3	2.470082e-2
36.4	1.254692e-2	1.675247e-3	2.460702e-2
36.5	1.24517e-2	1.577228e-3	2.45136e-2
36.6	1.235702e-2	1.479897e-3	2.442056e-2
36.7	1.226288e-2	1.383253e-3	2.43279e-2
36.8	1.216927e-2	1.287293e-3	2.423562e-2
36.9	1.207619e-2	1.192015e-3	2.414372e-2
37.0	1.198364e-2	1.097418e-3	2.405219e-2
37.1	1.189162e-2	1.003497e-3	2.396104e-2
37.2	1.180013e-2	9.102524e-4	2.387026e-2
37.3	1.170917e-2	8.176807e-4	2.377986e-2
37.4	1.161872e-2	7.257797e-4	2.368983e-2
37.5	1.152881e-2	6.345475e-4	2.360017e-2
37.6	1.143941e-2	5.439816e-4	2.351089e-2
37.7	1.135053e-2	4.540799e-4	2.342197e-2
37.8	1.126217e-2	3.648402e-4	2.333342e-2
37.9	1.117432e-2	2.762602e-4	2.324524e-2
38.0	1.108699e-2	1.883378e-4	2.315743e-2
38.1	1.100017e-2	1.010706e-4	2.306998e-2
38.2	1.091386e-2	1.445661e-5	2.29829e-2
38.3	1.082806e-2	-7.15065e-5	2.289618e-2
38.4	1.074277e-2	-1.568209e-4	2.280982e-2
38.5	1.065799e-2	-2.414888e-4	2.272382e-2
38.6	1.057371e-2	-3.255124e-4	2.263819e-2
38.7	1.048993e-2	-4.088938e-4	2.255291e-2
38.8	1.040665e-2	-4.916353e-4	2.246799e-2
38.9	1.032388e-2	-5.73739e-4	2.238343e-2
39.0	1.02416e-2	-6.552072e-4	2.229923e-2
39.1	1.015982e-2	-7.36042e-4	2.221538e-2
39.2	1.007853e-2	-8.162455e-4	2.213189e-2
39.3	9.997733e-3	-8.9582e-4	2.204875e-2
39.4	9.91743e-3	-9.747676e-4	2.196596e-2
39.5	9.837617e-3	-1.05309e-3	2.188352e-2
39.6	9.758292e-3	-1.130791e-3	2.180144e-2
39.7	9.679454e-3	-1.207871e-3	2.17197e-2
39.8	9.601102e-3	-1.284332e-3	2.163831e-2
39.9	9.523232e-3	-1.360178e-3	2.155727e-2
40.0	9.445845e-3	-1.43541e-3	2.147658e-2
40.1	9.368938e-3	-1.510029e-3	2.139623e-2
40.2	9.29251e-3	-1.58404e-3	2.131622e-2
40.3	9.216559e-3	-1.657442e-3	2.123656e-2
40.4	9.141084e-3	-1.73024e-3	2.115724e-2
40.5	9.066083e-3	-1.802434e-3	2.107826e-2
40.6	8.991554e-3	-1.874027e-3	2.099963e-2
40.7	8.917497e-3	-1.945021e-3	2.092133e-2
40.8	8.843908e-3	-2.015418e-3	2.084337e-2
40.9	8.770787e-3	-2.085221e-3	2.076575e-2
41.0	8.698133e-3	-2.154431e-3	2.068846e-2
41.1	8.625943e-3	-2.22305e-3	2.061151e-2
41.2	8.554216e-3	-2.291081e-3	2.053489e-2
41.3	8.482951e-3	-2.358526e-3	2.045861e-2
41.4	8.412146e-3	-2.425387e-3	2.038266e-2
41.5	8.341799e-3	-2.491666e-3	2.030704e-2
41.6	8.271908e-3	-2.557364e-3	2.023175e-2
41.7	8.202473e-3	-2.622486e-3	2.015679e-2
41.8	8.133492e-3	-2.687031e-3	2.008215e-2
41.9	8.064963e-3	-2.751003e-3	2.000785e-2
42.0	7.996884e-3	-2.814403e-3	1.993387e-2
42.1	7.929255e-3	-2.877234e-3	1.986022e-2
42.2	7.862072e-3	-2.939498e-3	1.978689e-2
42.3	7.795336e-3	-3.001196e-3	1.971388e-2
42.4	7.729044e-3	-3.062331e-3	1.96412e-2
42.5	7.663195e-3	-3.122906e-3	1.956884e-2
42.6	7.597787e-3	-3.182921e-3	1.949679e-2
42.7	7.532819e-3	-3.24238e-3	1.942507e-2
42.8	7.468289e-3	-3.301283e-3	1.935367e-2
42.9	7.404196e-3	-3.359634e-3	1.928258e-2
43.0	7.340538e-3	-3.417435e-3	1.921181e-2
43.1	7.277313e-3	-3.474687e-3	1.914135e-2
43.2	7.214521e-3	-3.531392e-3	1.907121e-2
43.3	7.152159e-3	-3.587553e-3	1.900138e-2
43.4	7.090225e-3	-3.643172e-3	1.893187e-2
43.5	7.02872e-3	-3.69825e-3	1.886266e-2
43.6	6.96764e-3	-3.75279e-3	1.879377e-2
43.7	6.906984e-3	-3.806794e-3	1.872518e-2
43.8	6.846751e-3	-3.860264e-3	1.865691e-2
43.9	6.78694e-3	-3.913202e-3	1.858894e-2
44.0	6.727548e-3	-3.96561e-3	1.852127e-2
44.1	6.668575e-3	-4.01749e-3	1.845391e-2
44.2	6.610018e-3	-4.068844e-3	1.838686e-2
44.3	6.551877e-3	-4.119674e-3	1.832011e-2
44.4	6.494149e-3	-4.169983e-3	1.825366e-2
44.5	6.436833e-3	-4.219771e-3	1.818751e-2
44.6	6.379928e-3	-4.269042e-3	1.812167e-2
44.7	6.323432e-3	-4.317798e-3	1.805612e-2
44.8	6.267344e-3	-4.366039e-3	1.799087e-2
44.9	6.211662e-3	-4.413769e-3	1.792592e-2
45.0	6.156384e-3	-4.46099e-3	1.786126e-2
45.1	6.10151e-3	-4.507703e-3	1.77969e-2
45.2	6.047037e-3	-4.553911e-3	1.773284e-2
45.3	5.992964e-3	-4.599615e-3	1.766906e-2
45.4	5.939289e-3	-4.644817e-3	1.760558e-2
45.5	5.886012e-3	-4.689521e-3	1.754239e-2
45.6	5.83313e-3	-4.733726e-3	1.747949e-2
45.7	5.780642e-3	-4.777437e-3	1.741688e-2
45.8	5.728546e-3	-4.820654e-3	1.735456e-2
45.9	5.676842e-3	-4.86338e-3	1.729253e-2
46.0	5.625527e-3	-4.905616e-3	1.723078e-2
46.1	5.5746e-3	-4.947365e-3	1.716932e-2
46.2	5.52406e-3	-4.988629e-3	1.710814e-2
46.3	5.473904e-3	-5.029409e-3	1.704725e-2
46.4	5.424133e-3	-5.069708e-3	1.698664e-2
46.5	5.374743e-3	-5.109528e-3	1.692631e-2
46.6	5.325733e-3	-5.14887e-3	1.686626e-2
46.7	5.277103e-3	-5.187737e-3	1.680648e-2
46.8	5.22885e-3	-5.226131e-3	1.674699e-2
46.9	5.180973e-3	-5.264054e-3	1.668778e-2
47.0	5.133471e-3	-5.301507e-3	1.662884e-2
47.1	5.086342e-3	-5.338493e-3	1.657017e-2
47.2	5.039584e-3	-5.375013e-3	1.651179e-2
47.3	4.993197e-3	-5.41107e-3	1.645367e-2
47.4	4.947178e-3	-5.446666e-3	1.639583e-2
47.5	4.901526e-3	-5.481802e-3	1.633826e-2
47.6	4.85624e-3	-5.516481e-3	1.628096e-2
47.7	4.811318e-3	-5.550705e-3	1.622392e-2
47.8	4.766759e-3	-5.584474e-3	1.616716e-2
47.9	4.722561e-3	-5.617793e-3	1.611067e-2
48.0	4.678723e-3	-5.650662e-3	1.605444e-2
48.1	4.635243e-3	-5.683083e-3	1.599847e-2
48.2	4.592119e-3	-5.715059e-3	1.594277e-2
48.3	4.549351e-3	-5.746591e-3	1.588734e-2
48.4	4.506937e-3	-5.777681e-3	1.583217e-2
48.5	4.464875e-3	-5.808332e-3	1.577725e-2
48.6	4.423164e-3	-5.838545e-3	1.57226e-2
48.7	4.381803e-3	-5.868322e-3	1.566821e-2
48.8	4.340789e-3	-5.897665e-3	1.561408e-2
48.9	4.300122e-3	-5.926576e-3	1.556021e-2
49.0	4.2598e-3	-5.955058e-3	1.550659e-2
49.1	4.219822e-3	-5.983111e-3	1.545322e-2
49.2	4.180185e-3	-6.010738e-3	1.540012e-2
49.3	4.140889e-3	-6.037942e-3	1.534726e-2
49.4	4.101933e-3	-6.064723e-3	1.529466e-2
49.5	4.063314e-3	-6.091083e-3	1.524231e-2
49.6	4.025031e-3	-6.117026e-3	1.519021e-2
49.7	3.987084e-3	-6.142552e-3	1.513836e-2
49.8	3.949469e-3	-6.167663e-3	1.508676e-2
49.9	3.912187e-3	-6.192362e-3	1.503541e-2
50.0	3.875234e-3	-6.216651e-3	1.49843e-2
50.1	3.838611e-3	-6.240531e-3	1.493344e-2
50.2	3.802316e-3	-6.264004e-3	1.488283e-2
50.3	3.766346e-3	-6.287072e-3	1.483245e-2
50.4	3.730701e-3	-6.309737e-3	1.478233e-2
50.5	3.69538e-3	-6.332002e-3	1.473244e-2
50.6	3.66038e-3	-6.353867e-3	1.468279e-2
50.7	3.6257e-3	-6.375335e-3	1.463339e-2
50.8	3.59134e-3	-6.396408e-3	1.458422e-2
50.9	3.557296e-3	-6.417087e-3	1.453529e-2
51.0	3.523569e-3	-6.437375e-3	1.44866e-2
51.1	3.490157e-3	-6.457273e-3	1.443814e-2
51.2	3.457057e-3	-6.476784e-3	1.438992e-2
51.3	3.424269e-3	-6.495909e-3	1.434193e-2
51.4	3.391792e-3	-6.51465e-3	1.429418e-2
51.5	3.359623e-3	-6.533009e-3	1.424666e-2
51.6	3.327761e-3	-6.550988e-3	1.419936e-2
51.7	3.296206e-3	-6.568589e-3	1.41523e-2
51.8	3.264955e-3	-6.585813e-3	1.410547e-2
51.9	3.234007e-3	-6.602663e-3	1.405887e-2
52.0	3.203361e-3	-6.619141e-3	1.401249e-2
52.1	3.173015e-3	-6.635247e-3	1.396634e-2
52.2	3.142968e-3	-6.650985e-3	1.392042e-2
52.3	3.113219e-3	-6.666356e-3	1.387471e-2
52.4	3.083765e-3	-6.681362e-3	1.382924e-2
52.5	3.054606e-3	-6.696004e-3	1.378398e-2
52.6	3.025741e-3	-6.710286e-3	1.373895e-2
52.7	2.997167e-3	-6.724207e-3	1.369413e-2
52.8	2.968883e-3	-6.737771e-3	1.364954e-2
52.9	2.940888e-3	-6.75098e-3	1.360517e-2
53.0	2.913181e-3	-6.763834e-3	1.356101e-2
53.1	2.88576e-3	-6.776336e-3	1.351707e-2
53.2	2.858624e-3	-6.788489e-3	1.347334e-2
53.3	2.831771e-3	-6.800292e-3	1.342983e-2
53.4	2.8052e-3	-6.811749e-3	1.338653e-2
53.5	2.778909e-3	-6.822862e-3	1.334344e-2
53.6	2.752897e-3	-6.833631e-3	1.330057e-2
53.7	2.727164e-3	-6.84406e-3	1.325791e-2
53.8	2.701706e-3	-6.854149e-3	1.321545e-2
53.9	2.676523e-3	-6.863901e-3	1.317321e-2
54.0	2.651614e-3	-6.873317e-3	1.313117e-2
54.1	2.626977e-3	-6.8824e-3	1.308934e-2
54.2	2.602611e-3	-6.891151e-3	1.304772e-2
54.3	2.578514e-3	-6.899571e-3	1.30063e-2
54.4	2.554685e-3	-6.907664e-3	1.296509e-2
54.5	2.531123e-3	-6.91543e-3	1.292407e-2
54.6	2.507826e-3	-6.922871e-3	1.288327e-2
54.7	2.484793e-3	-6.929989e-3	1.284266e-2
54.8	2.462022e-3	-6.936787e-3	1.280225e-2
54.9	2.439512e-3	-6.943265e-3	1.276204e-2
55.0	2.417262e-3	-6.949425e-3	1.272203e-2
55.1	2.39527e-3	-6.95527e-3	1.268221e-2
55.2	2.373535e-3	-6.960801e-3	1.26426e-2
55.3	2.352056e-3	-6.966021e-3	1.260317e-2
55.4	2.33083e-3	-6.970929e-3	1.256395e-2
55.5	2.309858e-3	-6.97553e-3	1.252491e-2
55.6	2.289137e-3	-6.979823e-3	1.248607e-2
55.7	2.268666e-3	-6.983812e-3	1.244742e-2
55.8	2.248444e-3	-6.987497e-3	1.240896e-2
55.9	2.22847e-3	-6.990881e-3	1.237069e-2
56.0	2.208741e-3	-6.993966e-3	1.233261e-2
56.1	2.189257e-3	-6.996753e-3	1.229471e-2
56.2	2.170016e-3	-6.999243e-3	1.225701e-2
56.3	2.151017e-3	-7.001439e-3	1.221949e-2
56.4	2.132259e-3	-7.003343e-3	1.218215e-2
56.5	2.11374e-3	-7.004956e-3	1.2145e-2
56.6	2.095459e-3	-7.006279e-3	1.210803e-2
56.7	2.077414e-3	-7.007316e-3	1.207124e-2
56.8	2.059605e-3	-7.008067e-3	1.203464e-2
56.9	2.042029e-3	-7.008534e-3	1.199821e-2
57.0	2.024686e-3	-7.008718e-3	1.196197e-2
57.1	2.007574e-3	-7.008623e-3	1.19259e-2
57.2	1.990692e-3	-7.008249e-3	1.189001e-2
57.3	1.974039e-3	-7.007598e-3	1.185429e-2
57.4	1.957613e-3	-7.006672e-3	1.181876e-2
57.5	1.941412e-3	-7.005472e-3	1.178339e-2
57.6	1.925436e-3	-7.004e-3	1.17482e-2
57.7	1.909684e-3	-7.002259e-3	1.171318e-2
57.8	1.894153e-3	-7.000249e-3	1.167834e-2
57.9	1.878843e-3	-6.997973e-3	1.164366e-2
58.0	1.863752e-3	-6.995432e-3	1.160916e-2
58.1	1.848878e-3	-6.992628e-3	1.157482e-2
58.2	1.834222e-3	-6.989562e-3	1.154066e-2
58.3	1.819781e-3	-6.986236e-3	1.150666e-2
58.4	1.805553e-3	-6.982652e-3	1.147282e-2
58.5	1.791539e-3	-6.978812e-3	1.143915e-2
58.6	1.777735e-3	-6.974717e-3	1.140565e-2
58.7	1.764142e-3	-6.97037e-3	1.137231e-2
58.8	1.750758e-3	-6.96577e-3	1.133913e-2
58.9	1.73758e-3	-6.960921e-3	1.130611e-2
59.0	1.72461e-3	-6.955825e-3	1.127326e-2
59.1	1.711844e-3	-6.950481e-3	1.124056e-2
59.2	1.699281e-3	-6.944894e-3	1.120803e-2
59.3	1.686921e-3	-6.939063e-3	1.117565e-2
59.4	1.674761e-3	-6.932991e-3	1.114342e-2
59.5	1.662802e-3	-6.926679e-3	1.111136e-2
59.6	1.651041e-3	-6.920129e-3	1.107945e-2
59.7	1.639477e-3	-6.913343e-3	1.104769e-2
59.8	1.628108e-3	-6.906322e-3	1.101609e-2
59.9	1.616935e-3	-6.899068e-3	1.098464e-2
60.0	1.605954e-3	-6.891582e-3	1.095334e-2
60.1	1.595166e-3	-6.883867e-3	1.092219e-2
60.2	1.584568e-3	-6.875923e-3	1.08912e-2
60.3	1.57416e-3	-6.867753e-3	1.086035e-2
60.4	1.56394e-3	-6.859359e-3	1.082965e-2
60.5	1.553906e-3	-6.85074e-3	1.079909e-2
60.6	1.544059e-3	-6.841901e-3	1.076868e-2
60.7	1.534396e-3	-6.832841e-3	1.073842e-2
60.8	1.524916e-3	-6.823562e-3	1.07083e-2
60.9	1.515618e-3	-6.814067e-3	1.067833e-2
61.0	1.506501e-3	-6.804357e-3	1.06485e-2
61.1	1.497563e-3	-6.794433e-3	1.061881e-2
61.2	1.488803e-3	-6.784297e-3	1.058926e-2
61.3	1.48022e-3	-6.77395e-3	1.055985e-2
61.4	1.471812e-3	-6.763395e-3	1.053058e-2
61.5	1.463579e-3	-6.752632e-3	1.050145e-2
61.6	1.45552e-3	-6.741664e-3	1.047246e-2
61.7	1.447632e-3	-6.730492e-3	1.04436e-2
61.8	1.439914e-3	-6.719117e-3	1.041488e-2
61.9	1.432367e-3	-6.707541e-3	1.038629e-2
62.0	1.424987e-3	-6.695766e-3	1.035784e-2
62.1	1.417775e-3	-6.683793e-3	1.032952e-2
62.2	1.410728e-3	-6.671623e-3	1.030133e-2
62.3	1.403846e-3	-6.659259e-3	1.027327e-2
62.4	1.397127e-3	-6.646702e-3	1.024534e-2
62.5	1.390571e-3	-6.633954e-3	1.021755e-2
62.6	1.384175e-3	-6.621015e-3	1.018988e-2
62.7	1.377939e-3	-6.607888e-3	1.016234e-2
62.8	1.371861e-3	-6.594574e-3	1.013492e-2
62.9	1.365941e-3	-6.581074e-3	1.010763e-2
63.0	1.360177e-3	-6.56739e-3	1.008047e-2
63.1	1.354567e-3	-6.553525e-3	1.005343e-2
63.2	1.349112e-3	-6.539478e-3	1.002652e-2
63.3	1.343809e-3	-6.525252e-3	9.999725e-3
63.4	1.338657e-3	-6.510848e-3	9.973054e-3
63.5	1.333655e-3	-6.496268e-3	9.946504e-3
63.6	1.328802e-3	-6.481513e-3	9.920074e-3
63.7	1.324097e-3	-6.466585e-3	9.893764e-3
63.8	1.319539e-3	-6.451485e-3	9.867571e-3
63.9	1.315125e-3	-6.436215e-3	9.841496e-3
64.0	1.310856e-3	-6.420776e-3	9.815538e-3
64.1	1.30673e-3	-6.405169e-3	9.789696e-3
64.2	1.302746e-3	-6.389397e-3	9.763968e-3
64.3	1.298903e-3	-6.373461e-3	9.738355e-3
64.4	1.295199e-3	-6.357361e-3	9.712855e-3
64.5	1.291633e-3	-6.341101e-3	9.687467e-3
64.6	1.288205e-3	-6.32468e-3	9.662191e-3
64.7	1.284912e-3	-6.308101e-3	9.637026e-3
64.8	1.281755e-3	-6.291365e-3	9.61197e-3
64.9	1.278731e-3	-6.274473e-3	9.587024e-3
65.0	1.27584e-3	-6.257427e-3	9.562186e-3
65.1	1.27308e-3	-6.240229e-3	9.537456e-3
65.2	1.27045e-3	-6.22288e-3	9.512832e-3
65.3	1.26795e-3	-6.20538e-3	9.488314e-3
65.4	1.265578e-3	-6.187733e-3	9.463901e-3
65.5	1.263332e-3	-6.169939e-3	9.439592e-3
65.6	1.261212e-3	-6.151999e-3	9.415387e-3
65.7	1.259217e-3	-6.133915e-3	9.391284e-3
65.8	1.257345e-3	-6.115689e-3	9.367283e-3
65.9	1.255596e-3	-6.097321e-3	9.343383e-3
66.0	1.253968e-3	-6.078814e-3	9.319583e-3
66.1	1.25246e-3	-6.060168e-3	9.295882e-3
66.2	1.251071e-3	-6.041385e-3	9.27228e-3
66.3	1.2498e-3	-6.022467e-3	9.248775e-3
66.4	1.248645e-3	-6.003415e-3	9.225368e-3
66.5	1.247607e-3	-5.98423e-3	9.202056e-3
66.6	1.246683e-3	-5.964913e-3	9.17884e-3
66.7	1.245872e-3	-5.945467e-3	9.155719e-3
66.8	1.245174e-3	-5.925892e-3	9.132691e-3
66.9	1.244587e-3	-5.90619e-3	9.109756e-3
67.0	1.24411e-3	-5.886362e-3	9.086913e-3
67.1	1.243742e-3	-5.866409e-3	9.064161e-3
67.2	1.243482e-3	-5.846333e-3	9.0415e-3
67.3	1.243329e-3	-5.826136e-3	9.018929e-3
67.4	1.243282e-3	-5.805818e-3	8.996447e-3
67.5	1.24334e-3	-5.785381e-3	8.974053e-3
67.6	1.243502e-3	-5.764827e-3	8.951747e-3
67.7	1.243766e-3	-5.744156e-3	8.929527e-3
67.8	1.244131e-3	-5.72337e-3	8.907394e-3
67.9	1.244598e-3	-5.70247e-3	8.885345e-3
68.0	1.245163e-3	-5.681458e-3	8.863381e-3
68.1	1.245827e-3	-5.660335e-3	8.8415e-3
68.2	1.246589e-3	-5.639103e-3	8.819702e-3
68.3	1.247446e-3	-5.617762e-3	8.797986e-3
68.4	1.248399e-3	-5.596313e-3	8.776352e-3
68.5	1.249446e-3	-5.57476e-3	8.754798e-3
68.6	1.250586e-3	-5.553101e-3	8.733324e-3
68.7	1.251818e-3	-5.53134e-3	8.711929e-3
68.8	1.253141e-3	-5.509476e-3	8.690612e-3
68.9	1.254555e-3	-5.487512e-3	8.669373e-3
69.0	1.256057e-3	-5.465449e-3	8.648211e-3
69.1	1.257647e-3	-5.443288e-3	8.627125e-3
69.2	1.259324e-3	-5.42103e-3	8.606114e-3
69.3	1.261087e-3	-5.398677e-3	8.585177e-3
69.4	1.262936e-3	-5.376229e-3	8.564315e-3
69.5	1.264867e-3	-5.353689e-3	8.543525e-3
69.6	1.266882e-3	-5.331057e-3	8.522808e-3
69.7	1.268979e-3	-5.308334e-3	8.502163e-3
69.8	1.271156e-3	-5.285523e-3	8.481588e-3
69.9	1.273414e-3	-5.262623e-3	8.461084e-3
70.0	1.27575e-3	-5.239637e-3	8.440649e-3
70.1	1.278164e-3	-5.216566e-3	8.420283e-3
70.2	1.280655e-3	-5.19341e-3	8.399985e-3
70.3	1.283222e-3	-5.170172e-3	8.379754e-3
70.4	1.285864e-3	-5.146851e-3	8.35959e-3
70.5	1.28858e-3	-5.123451e-3	8.339491e-3
70.6	1.291368e-3	-5.099971e-3	8.319458e-3
70.7	1.294229e-3	-5.076413e-3	8.299489e-3
70.8	1.297161e-3	-5.052778e-3	8.279584e-3
70.9	1.300163e-3	-5.029067e-3	8.259742e-3
71.0	1.303233e-3	-5.005283e-3	8.239963e-3
71.1	1.306372e-3	-4.981424e-3	8.220245e-3
71.2	1.309578e-3	-4.957494e-3	8.200588e-3
71.3	1.312851e-3	-4.933493e-3	8.180991e-3
71.4	1.316188e-3	-4.909423e-3	8.161454e-3
71.5	1.31959e-3	-4.885284e-3	8.141975e-3
71.6	1.323055e-3	-4.861077e-3	8.122555e-3
71.7	1.326583e-3	-4.836805e-3	8.103193e-3
71.8	1.330172e-3	-4.812467e-3	8.083887e-3
71.9	1.333822e-3	-4.788066e-3	8.064637e-3
72.0	1.337531e-3	-4.763602e-3	8.045443e-3
72.1	1.341299e-3	-4.739077e-3	8.026303e-3
72.2	1.345124e-3	-4.714491e-3	8.007218e-3
72.3	1.349007e-3	-4.689846e-3	7.988186e-3
72.4	1.352945e-3	-4.665143e-3	7.969207e-3
72.5	1.356939e-3	-4.640383e-3	7.95028e-3
72.6	1.360986e-3	-4.615567e-3	7.931404e-3
72.7	1.365087e-3	-4.590697e-3	7.912579e-3
72.8	1.36924e-3	-4.565773e-3	7.893805e-3
72.9	1.373444e-3	-4.540797e-3	7.875079e-3
73.0	1.377699e-3	-4.515769e-3	7.856403e-3
73.1	1.382004e-3	-4.490691e-3	7.837775e-3
73.2	1.386357e-3	-4.465564e-3	7.819194e-3
73.3	1.390758e-3	-4.440389e-3	7.80066e-3
73.4	1.395206e-3	-4.415167e-3	7.782173e-3
73.5	1.3997e-3	-4.389899e-3	7.76373e-3
73.6	1.404239e-3	-4.364587e-3	7.745333e-3
73.7	1.408822e-3	-4.339231e-3	7.726981e-3
73.8	1.413449e-3	-4.313832e-3	7.708672e-3
73.9	1.418118e-3	-4.288392e-3	7.690406e-3
74.0	1.42283e-3	-4.262911e-3	7.672182e-3
74.1	1.427582e-3	-4.237391e-3	7.654e-3
74.2	1.432374e-3	-4.211833e-3	7.63586e-3
74.3	1.437205e-3	-4.186238e-3	7.61776e-3
74.4	1.442074e-3	-4.160606e-3	7.5997e-3
74.5	1.446981e-3	-4.134939e-3	7.581679e-3
74.6	1.451924e-3	-4.109238e-3	7.563697e-3
74.7	1.456904e-3	-4.083504e-3	7.545753e-3
74.8	1.461918e-3	-4.057738e-3	7.527847e-3
74.9	1.466966e-3	-4.03194e-3	7.509977e-3
75.0	1.472047e-3	-4.006113e-3	7.492144e-3
75.1	1.477161e-3	-3.980257e-3	7.474346e-3
75.2	1.482307e-3	-3.954373e-3	7.456584e-3
75.3	1.487483e-3	-3.928462e-3	7.438856e-3
75.4	1.49269e-3	-3.902525e-3	7.421162e-3
75.5	1.497926e-3	-3.876563e-3	7.403501e-3
75.6	1.50319e-3	-3.850577e-3	7.385874e-3
75.7	1.508481e-3	-3.824568e-3	7.368278e-3
75.8	1.5138e-3	-3.798537e-3	7.350714e-3
75.9	1.519144e-3	-3.772485e-3	7.333181e-3
76.0	1.524514e-3	-3.746413e-3	7.315678e-3
76.1	1.529908e-3	-3.720322e-3	7.298205e-3
76.2	1.535325e-3	-3.694213e-3	7.280762e-3
76.3	1.540766e-3	-3.668086e-3	7.263347e-3
76.4	1.546228e-3	-3.641944e-3	7.24596e-3
76.5	1.551712e-3	-3.615787e-3	7.228601e-3
76.6	1.557217e-3	-3.589615e-3	7.211269e-3
76.7	1.562741e-3	-3.56343e-3	7.193964e-3
76.8	1.568284e-3	-3.537232e-3	7.176684e-3
76.9	1.573846e-3	-3.511023e-3	7.15943e-3
77.0	1.579425e-3	-3.484804e-3	7.142201e-3
77.1	1.58502e-3	-3.458575e-3	7.124996e-3
77.2	1.590632e-3	-3.432337e-3	7.107814e-3
77.3	1.596259e-3	-3.406092e-3	7.090656e-3
77.4	1.6019e-3	-3.379839e-3	7.073521e-3
77.5	1.607556e-3	-3.353581e-3	7.056408e-3
77.6	1.613224e-3	-3.327318e-3	7.039316e-3
77.7	1.618905e-3	-3.301051e-3	7.022246e-3
77.8	1.624597e-3	-3.274781e-3	7.005196e-3
77.9	1.6303e-3	-3.248508e-3	6.988166e-3
78.0	1.636013e-3	-3.222234e-3	6.971155e-3
78.1	1.641736e-3	-3.195959e-3	6.954164e-3
78.2	1.647467e-3	-3.169684e-3	6.937191e-3
78.3	1.653207e-3	-3.143411e-3	6.920236e-3
78.4	1.658953e-3	-3.11714e-3	6.903299e-3
78.5	1.664707e-3	-3.090872e-3	6.886378e-3
78.6	1.670466e-3	-3.064607e-3	6.869474e-3
78.7	1.676231e-3	-3.038348e-3	6.852586e-3
78.8	1.682e-3	-3.012093e-3	6.835714e-3
78.9	1.687773e-3	-2.985845e-3	6.818856e-3
79.0	1.693549e-3	-2.959605e-3	6.802013e-3
79.1	1.699327e-3	-2.933372e-3	6.785184e-3
79.2	1.705108e-3	-2.907148e-3	6.768368e-3
79.3	1.710889e-3	-2.880934e-3	6.751566e-3
79.4	1.716671e-3	-2.85473e-3	6.734776e-3
79.5	1.722453e-3	-2.828538e-3	6.717998e-3
79.6	1.728234e-3	-2.802357e-3	6.701231e-3
79.7	1.734014e-3	-2.77619e-3	6.684476e-3
79.8	1.739792e-3	-2.750036e-3	6.667731e-3
79.9	1.745566e-3	-2.723897e-3	6.650997e-3
80.0	1.751338e-3	-2.697773e-3	6.634272e-3
80.1	1.757105e-3	-2.671666e-3	6.617557e-3
80.2	1.762867e-3	-2.645575e-3	6.60085e-3
80.3	1.768624e-3	-2.619502e-3	6.584152e-3
80.4	1.774376e-3	-2.593447e-3	6.567462e-3
80.5	1.78012e-3	-2.567412e-3	6.550779e-3
80.6	1.785858e-3	-2.541396e-3	6.534103e-3
80.7	1.791587e-3	-2.515402e-3	6.517434e-3
80.8	1.797308e-3	-2.489429e-3	6.500771e-3
80.9	1.803021e-3	-2.463478e-3	6.484113e-3
81.0	1.808723e-3	-2.43755e-3	6.467461e-3
81.1	1.814415e-3	-2.411646e-3	6.450814e-3
81.2	1.820097e-3	-2.385766e-3	6.434171e-3
81.3	1.825767e-3	-2.359912e-3	6.417532e-3
81.4	1.831425e-3	-2.334084e-3	6.400897e-3
81.5	1.83707e-3	-2.308282e-3	6.384265e-3
81.6	1.842702e-3	-2.282508e-3	6.367635e-3
81.7	1.84832e-3	-2.256762e-3	6.351008e-3
81.8	1.853924e-3	-2.231045e-3	6.334383e-3
81.9	1.859513e-3	-2.205357e-3	6.317759e-3
82.0	1.865087e-3	-2.1797e-3	6.301136e-3
82.1	1.870644e-3	-2.154073e-3	6.284514e-3
82.2	1.876185e-3	-2.128478e-3	6.267893e-3
82.3	1.881708e-3	-2.102916e-3	6.251271e-3
82.4	1.887214e-3	-2.077386e-3	6.234649e-3
82.5	1.892702e-3	-2.051891e-3	6.218026e-3
82.6	1.898171e-3	-2.026429e-3	6.201401e-3
82.7	1.90362e-3	-2.001003e-3	6.184775e-3
82.8	1.909049e-3	-1.975613e-3	6.168147e-3
82.9	1.914458e-3	-1.950258e-3	6.151517e-3
83.0	1.919847e-3	-1.924941e-3	6.134883e-3
83.1	1.925213e-3	-1.899662e-3	6.118247e-3
83.2	1.930558e-3	-1.874421e-3	6.101607e-3
83.3	1.93588e-3	-1.849219e-3	6.084963e-3
83.4	1.941179e-3	-1.824056e-3	6.068315e-3
83.5	1.946454e-3	-1.798934e-3	6.051663e-3
83.6	1.951705e-3	-1.773853e-3	6.035005e-3
83.7	1.956932e-3	-1.748813e-3	6.018342e-3
83.8	1.962134e-3	-1.723816e-3	6.001673e-3
83.9	1.96731e-3	-1.698861e-3	5.984999e-3
84.0	1.97246e-3	-1.673949e-3	5.968318e-3
84.1	1.977583e-3	-1.649082e-3	5.95163e-3
84.2	1.982679e-3	-1.624259e-3	5.934935e-3
84.3	1.987748e-3	-1.599481e-3	5.918233e-3
84.4	1.992789e-3	-1.574749e-3	5.901523e-3
84.5	1.997802e-3	-1.550063e-3	5.884805e-3
84.6	2.002785e-3	-1.525425e-3	5.868079e-3
84.7	2.007739e-3	-1.500834e-3	5.851344e-3
84.8	2.012663e-3	-1.476291e-3	5.8346e-3
84.9	2.017557e-3	-1.451796e-3	5.817847e-3
85.0	2.02242e-3	-1.427351e-3	5.801084e-3
85.1	2.027252e-3	-1.402956e-3	5.784311e-3
85.2	2.032052e-3	-1.378611e-3	5.767528e-3
85.3	2.03682e-3	-1.354317e-3	5.750734e-3
85.4	2.041556e-3	-1.330075e-3	5.73393e-3
85.5	2.046258e-3	-1.305884e-3	5.717114e-3
85.6	2.050927e-3	-1.281746e-3	5.700287e-3
85.7	2.055563e-3	-1.257661e-3	5.683448e-3
85.8	2.060163e-3	-1.23363e-3	5.666597e-3
85.9	2.06473e-3	-1.209653e-3	5.649733e-3
86.0	2.069261e-3	-1.185731e-3	5.632857e-3
86.1	2.073756e-3	-1.161864e-3	5.615968e-3
86.2	2.078216e-3	-1.138052e-3	5.599066e-3
86.3	2.082639e-3	-1.114297e-3	5.582151e-3
86.4	2.087026e-3	-1.090598e-3	5.565221e-3
86.5	2.091375e-3	-1.066957e-3	5.548278e-3
86.6	2.095687e-3	-1.043373e-3	5.531321e-3
86.7	2.099961e-3	-1.019848e-3	5.514348e-3
86.8	2.104197e-3	-9.963814e-4	5.497362e-3
86.9	2.108394e-3	-9.729739e-4	5.48036e-3
87.0	2.112551e-3	-9.49626e-4	5.463342e-3
87.1	2.11667e-3	-9.263383e-4	5.44631e-3
87.2	2.120748e-3	-9.031112e-4	5.429261e-3
87.3	2.124787e-3	-8.799452e-4	5.412196e-3
87.4	2.128785e-3	-8.568406e-4	5.395115e-3
87.5	2.132742e-3	-8.337981e-4	5.378018e-3
87.6	2.136657e-3	-8.10818e-4	5.360903e-3
87.7	2.140531e-3	-7.879008e-4	5.343772e-3
87.8	2.144363e-3	-7.650469e-4	5.326624e-3
87.9	2.148153e-3	-7.422568e-4	5.309458e-3
88.0	2.1519e-3	-7.195309e-4	5.292274e-3
88.1	2.155604e-3	-6.968696e-4	5.275072e-3
88.2	2.159265e-3	-6.742733e-4	5.257853e-3
88.3	2.162882e-3	-6.517425e-4	5.240615e-3
88.4	2.166455e-3	-6.292776e-4	5.223358e-3
88.5	2.169984e-3	-6.068791e-4	5.206082e-3
88.6	2.173468e-3	-5.845472e-4	5.188788e-3
88.7	2.176908e-3	-5.622824e-4	5.171474e-3
88.8	2.180302e-3	-5.400852e-4	5.154142e-3
88.9	2.18365e-3	-5.179558e-4	5.136789e-3
89.0	2.186953e-3	-4.958948e-4	5.119417e-3
89.1	2.190209e-3	-4.739024e-4	5.102024e-3
89.2	2.193419e-3	-4.519791e-4	5.084612e-3
89.3	2.196582e-3	-4.301253e-4	5.067179e-3
89.4	2.199699e-3	-4.083412e-4	5.049726e-3
89.5	2.202767e-3	-3.866274e-4	5.032252e-3
89.6	2.205789e-3	-3.649841e-4	5.014757e-3
89.7	2.208762e-3	-3.434117e-4	4.997241e-3
89.8	2.211687e-3	-3.219106e-4	4.979704e-3
89.9	2.214564e-3	-3.004811e-4	4.962145e-3
90.0	2.217392e-3	-2.791235e-4	4.944565e-3
90.1	2.220171e-3	-2.578383e-4	4.926963e-3
90.2	2.222901e-3	-2.366257e-4	4.909339e-3
90.3	2.225582e-3	-2.15486e-4	4.891694e-3
90.4	2.228212e-3	-1.944197e-4	4.874026e-3
90.5	2.230793e-3	-1.734271e-4	4.856335e-3
90.6	2.233324e-3	-1.525083e-4	4.838622e-3
90.7	2.235804e-3	-1.316639e-4	4.820887e-3
90.8	2.238233e-3	-1.10894e-4	4.803129e-3
90.9	2.240612e-3	-9.019906e-5	4.785347e-3
91.0	2.242939e-3	-6.95793e-5	4.767543e-3
91.1	2.245215e-3	-4.903503e-5	4.749716e-3
91.2	2.247439e-3	-2.856655e-5	4.731865e-3
91.3	2.249612e-3	-8.174168e-6	4.713991e-3
91.4	2.251732e-3	1.214184e-5	4.696093e-3
91.5	2.2538e-3	3.23812e-5	4.678172e-3
91.6	2.255816e-3	5.254362e-5	4.660226e-3
91.7	2.257779e-3	7.262883e-5	4.642257e-3
91.8	2.259689e-3	9.263655e-5	4.624264e-3
91.9	2.261546e-3	1.125665e-4	4.606247e-3
92.0	2.26335e-3	1.324185e-4	4.588205e-3
92.1	2.2651e-3	1.521922e-4	4.570139e-3
92.2	2.266797e-3	1.718874e-4	4.552048e-3
92.3	2.26844e-3	1.915038e-4	4.533933e-3
92.4	2.270029e-3	2.110412e-4	4.515794e-3
92.5	2.271564e-3	2.304993e-4	4.497629e-3
92.6	2.273044e-3	2.498779e-4	4.47944e-3
92.7	2.27447e-3	2.691769e-4	4.461226e-3
92.8	2.275842e-3	2.883958e-4	4.442987e-3
92.9	2.277158e-3	3.075346e-4	4.424723e-3
93.0	2.27842e-3	3.26593e-4	4.406433e-3
93.1	2.279626e-3	3.455707e-4	4.388119e-3
93.2	2.280777e-3	3.644676e-4	4.369779e-3
93.3	2.281872e-3	3.832835e-4	4.351413e-3
93.4	2.282912e-3	4.020182e-4	4.333022e-3
93.5	2.283897e-3	4.206714e-4	4.314606e-3
93.6	2.284825e-3	4.392429e-4	4.296164e-3
93.7	2.285697e-3	4.577327e-4	4.277697e-3
93.8	2.286514e-3	4.761404e-4	4.259204e-3
93.9	2.287274e-3	4.944659e-4	4.240685e-3
94.0	2.287977e-3	5.127091e-4	4.22214e-3
94.1	2.288624e-3	5.308697e-4	4.203569e-3
94.2	2.289215e-3	5.489475e-4	4.184973e-3
94.3	2.289749e-3	5.669425e-4	4.166351e-3
94.4	2.290226e-3	5.848544e-4	4.147702e-3
94.5	2.290646e-3	6.026831e-4	4.129028e-3
94.6	2.291009e-3	6.204284e-4	4.110328e-3
94.7	2.291315e-3	6.380903e-4	4.091601e-3
94.8	2.291564e-3	6.556684e-4	4.072849e-3
94.9	2.291755e-3	6.731627e-4	4.05407e-3
95.0	2.291889e-3	6.905731e-4	4.035266e-3
95.1	2.291966e-3	7.078994e-4	4.016435e-3
95.2	2.291985e-3	7.251415e-4	3.997578e-3
95.3	2.291946e-3	7.422992e-4	3.978695e-3
95.4	2.29185e-3	7.593725e-4	3.959785e-3
95.5	2.291696e-3	7.763612e-4	3.94085e-3
95.6	2.291484e-3	7.932652e-4	3.921888e-3
95.7	2.291214e-3	8.100844e-4	3.9029e-3
95.8	2.290886e-3	8.268187e-4	3.883886e-3
95.9	2.2905e-3	8.434679e-4	3.864845e-3
96.0	2.290056e-3	8.60032e-4	3.845779e-3
96.1	2.289554e-3	8.765109e-4	3.826686e-3
96.2	2.288994e-3	8.929046e-4	3.807567e-3
96.3	2.288375e-3	9.092128e-4	3.788422e-3
96.4	2.287699e-3	9.254355e-4	3.769251e-3
96.5	2.286964e-3	9.415727e-4	3.750054e-3
96.6	2.28617e-3	9.576243e-4	3.73083e-3
96.7	2.285319e-3	9.735901e-4	3.711581e-3
96.8	2.284409e-3	9.894702e-4	3.692305e-3
96.9	2.28344e-3	1.005264e-3	3.673003e-3
97.0	2.282413e-3	1.020973e-3	3.653676e-3
97.1	2.281328e-3	1.036595e-3	3.634322e-3
97.2	2.280184e-3	1.052132e-3	3.614943e-3
97.3	2.278982e-3	1.067582e-3	3.595538e-3
97.4	2.277722e-3	1.082946e-3	3.576107e-3
97.5	2.276403e-3	1.098224e-3	3.55665e-3
97.6	2.275025e-3	1.113416e-3	3.537167e-3
97.7	2.273589e-3	1.128522e-3	3.517659e-3
97.8	2.272095e-3	1.143541e-3	3.498125e-3
97.9	2.270542e-3	1.158475e-3	3.478565e-3
98.0	2.268931e-3	1.173322e-3	3.45898e-3
98.1	2.267261e-3	1.188082e-3	3.43937e-3
98.2	2.265533e-3	1.202757e-3	3.419734e-3
98.3	2.263747e-3	1.217345e-3	3.400073e-3
98.4	2.261903e-3	1.231846e-3	3.380387e-3
98.5	2.26e-3	1.246262e-3	3.360675e-3
98.6	2.258038e-3	1.260591e-3	3.340938e-3
98.7	2.256019e-3	1.274833e-3	3.321177e-3
98.8	2.253941e-3	1.28899e-3	3.30139e-3
98.9	2.251806e-3	1.30306e-3	3.281579e-3
99.0	2.249612e-3	1.317043e-3	3.261742e-3
99.1	2.24736e-3	1.330941e-3	3.241881e-3
99.2	2.24505e-3	1.344752e-3	3.221996e-3
99.3	2.242683e-3	1.358477e-3	3.202086e-3
99.4	2.240257e-3	1.372116e-3	3.182151e-3
99.5	2.237774e-3	1.385668e-3	3.162193e-3
99.6	2.235232e-3	1.399135e-3	3.14221e-3
99.7	2.232634e-3	1.412515e-3	3.122203e-3
99.8	2.229977e-3	1.425809e-3	3.102171e-3
99.9	2.227263e-3	1.439018e-3	3.082116e-3
100.0	2.224492e-3	1.45214e-3	3.062038e-3
